12:32:09         3.39794000867204         2500.0000         -1.8240         262.60
12:32:13         3.29794002877041         1985.8207         -1.7730         262.60
12:32:17         3.19794009555258         1577.3937         -1.6740         262.60
12:32:21         3.09794019718123         1252.9686         -1.6210         262.60
12:32:25         2.99794030947142         995.2686         -1.7710         262.60
12:32:29         2.89794040109701         790.5701         -1.9810         262.60
12:32:33         2.79794048044319         627.9723         -1.9550         262.60
12:32:37         2.69794064943186         498.8163         -1.9480         262.60
12:32:40         2.59794067657697         396.2239         -2.1420         262.60
12:32:44         2.4979407677867         314.7319         -2.0470         262.60
12:32:48         2.3979408834098         250.0005         -2.0440         262.60
12:32:52         2.29794098316926         198.5825         -1.9800         262.60
12:32:56         2.19794101139409         157.7397         -2.0740         262.60
12:33:00         2.09794100637999         125.2971         -2.0280         262.60
12:33:04         1.99794134816669         99.5271         -2.1260         262.60
12:33:08         1.8979408705064         79.0571         -2.5750         262.60
12:33:12         1.79794096059111         62.7973         -2.1660         262.60
12:33:16         1.69794123397439         49.8817         -1.7900         262.60
12:33:20         1.5979407602015         39.6224         -1.5640         262.60
12:33:24         1.49794089938297         31.4732         -1.5540         262.60
12:33:28         1.39794173163867         25.0001         -1.4510         262.60
12:33:32         1.29793988193963         19.8582         -1.4000         262.60
12:33:36         1.19794184111121         15.7740         -1.1840         262.60
12:33:40         1.09794068243622         12.5297         -0.9949         262.60
12:33:44         0.997940898731541         9.9527         -0.8640         262.60
12:33:48         0.897940341373011         7.9057         -0.6767         262.60
12:33:52         0.797938883024152         6.2797         -0.3326         262.60
12:33:56         0.697943874369764         4.9882         -0.4239         262.60
12:33:59         0.597936385571892         3.9622         -0.3722         262.60
12:34:03         0.497938142432874         3.1473         -0.4074         262.60
12:34:07         0.397940008672038         2.5000         -0.3378         262.60
12:34:11         0.29793551244985         1.9858         -0.1187         262.60
12:34:15         0.197941827982788         1.5774         -0.5099         262.60
12:34:19         0.0979510782661857         1.2530         0.0742         262.60
#------------------------------------------------------------------
# Дата окончания эксперимента
#----------------------
# 29.04.2022
# 12:34:24
#----------------------
# Количество точек в скане 426
