11:39:22         3.39794000867204         2500.0000         -1.3010         283.40
11:39:26         3.29794002877041         1985.8207         -1.3970         283.40
11:39:30         3.19794009555258         1577.3937         -1.6290         283.40
11:39:34         3.09794019718123         1252.9686         -1.9210         283.40
11:39:38         2.99794030947142         995.2686         -2.2730         283.40
11:39:42         2.89794040109701         790.5701         -2.6700         283.40
11:39:46         2.79794048044319         627.9723         -3.0940         283.40
11:39:50         2.69794064943186         498.8163         -3.5480         283.40
11:39:54         2.59794067657697         396.2239         -4.0140         283.40
11:39:58         2.4979407677867         314.7319         -4.4670         283.40
11:40:02         2.3979408834098         250.0005         -4.8820         283.40
11:40:06         2.29794098316926         198.5825         -5.2120         283.40
11:40:10         2.19794101139409         157.7397         -5.4100         283.40
11:40:13         2.09794100637999         125.2971         -5.4800         283.40
11:40:17         1.99794134816669         99.5271         -5.3760         283.40
11:40:21         1.8979408705064         79.0571         -5.1210         283.40
11:40:25         1.79794096059111         62.7973         -4.6400         283.40
11:40:29         1.69794123397439         49.8817         -4.0550         283.40
11:40:33         1.5979407602015         39.6224         -3.4020         283.40
11:40:37         1.49794089938297         31.4732         -2.7040         283.40
11:40:41         1.39794173163867         25.0001         -2.0710         283.40
11:40:45         1.29793988193963         19.8582         -1.5180         283.40
11:40:49         1.19794184111121         15.7740         -1.0710         283.40
11:40:53         1.09794068243622         12.5297         -0.7286         283.40
11:40:57         0.997940898731541         9.9527         -0.4646         283.40
11:41:01         0.897940341373011         7.9057         -0.2943         283.40
11:41:05         0.797938883024152         6.2797         -0.1759         283.40
11:41:09         0.697943874369764         4.9882         -0.1245         283.40
11:41:13         0.597936385571892         3.9622         -0.0667         283.40
11:41:17         0.497938142432874         3.1473         -0.0296         283.40
11:41:21         0.397940008672038         2.5000         -0.0514         283.40
11:41:25         0.29793551244985         1.9858         -0.0345         283.40
11:41:28         0.197941827982788         1.5774         -0.0188         283.40
11:41:32         0.0979510782661857         1.2530         -0.0443         283.40
#------------------------------------------------------------------
# Дата окончания эксперимента
#----------------------
# 05.05.2022
# 11:41:37
#----------------------
# Количество точек в скане 140
