13:44:37         3.39794000867204         2500.0000         -0.6415         262.90
13:44:41         3.29794002877041         1985.8207         -0.6662         262.90
13:44:45         3.19794009555258         1577.3937         -0.7642         262.90
13:44:49         3.09794019718123         1252.9686         -0.8748         262.90
13:44:53         2.99794030947142         995.2686         -0.9955         262.90
13:44:57         2.89794040109701         790.5701         -1.1910         262.90
13:45:01         2.79794048044319         627.9723         -1.4100         262.90
13:45:05         2.69794064943186         498.8163         -1.6070         262.90
13:45:09         2.59794067657697         396.2239         -1.9080         262.90
13:45:13         2.4979407677867         314.7319         -2.1860         262.90
13:45:17         2.3979408834098         250.0005         -2.5540         262.90
13:45:21         2.29794098316926         198.5825         -2.9180         262.90
13:45:24         2.19794101139409         157.7397         -3.4330         262.90
13:45:28         2.09794100637999         125.2971         -3.9650         262.90
13:45:32         1.99794134816669         99.5271         -4.5200         262.90
13:45:36         1.8979408705064         79.0571         -5.1980         262.90
13:45:40         1.79794096059111         62.7973         -5.7990         262.90
13:45:44         1.69794123397439         49.8817         -6.3970         262.90
13:45:48         1.5979407602015         39.6224         -6.9110         262.90
13:45:52         1.49794089938297         31.4732         -7.3220         262.90
13:45:56         1.39794173163867         25.0001         -7.5760         262.90
13:46:00         1.29793988193963         19.8582         -7.6190         262.90
13:46:04         1.19794184111121         15.7740         -7.4810         262.90
13:46:08         1.09794068243622         12.5297         -7.0650         262.90
13:46:12         0.997940898731541         9.9527         -6.3970         262.90
13:46:16         0.897940341373011         7.9057         -5.5670         262.90
13:46:20         0.797938883024152         6.2797         -4.6560         262.90
13:46:24         0.697943874369764         4.9882         -3.7380         262.90
13:46:28         0.597936385571892         3.9622         -2.8960         262.90
13:46:32         0.497938142432874         3.1473         -2.1110         262.90
13:46:36         0.397940008672038         2.5000         -1.5680         262.90
13:46:40         0.29793551244985         1.9858         -1.1280         262.90
13:46:43         0.197941827982788         1.5774         -0.8235         262.90
13:46:47         0.0979510782661857         1.2530         -0.5505         262.90
#------------------------------------------------------------------
# Дата окончания эксперимента
#----------------------
# 28.04.2022
# 13:46:52
#----------------------
# Количество точек в скане 1066
