15:02:32         3.39794000867204         2500.0000         -2.2920         262.60
15:02:36         3.29794002877041         1985.8207         -1.8110         262.60
15:02:40         3.19794009555258         1577.3937         -1.8050         262.60
15:02:44         3.09794019718123         1252.9686         -1.5600         262.60
15:02:48         2.99794030947142         995.2686         -1.4960         262.60
15:02:52         2.89794040109701         790.5701         -1.8650         262.60
15:02:56         2.79794048044319         627.9723         -1.7640         262.60
15:03:00         2.69794064943186         498.8163         -1.4960         262.60
15:03:04         2.59794067657697         396.2239         -1.4020         262.60
15:03:08         2.4979407677867         314.7319         -1.4460         262.60
15:03:12         2.3979408834098         250.0005         -1.6720         262.60
15:03:16         2.29794098316926         198.5825         -1.7560         262.60
15:03:20         2.19794101139409         157.7397         -1.5170         262.60
15:03:24         2.09794100637999         125.2971         -1.0100         262.60
15:03:28         1.99794134816669         99.5271         -1.7560         262.60
15:03:32         1.8979408705064         79.0571         -3.2920         262.60
15:03:35         1.79794096059111         62.7973         -1.8000         262.60
15:03:39         1.69794123397439         49.8817         -1.2700         262.60
15:03:43         1.5979407602015         39.6224         -1.2460         262.60
15:03:47         1.49794089938297         31.4732         -1.4730         262.60
15:03:51         1.39794173163867         25.0001         -1.0470         262.60
15:03:55         1.29793988193963         19.8582         -1.2160         262.60
15:03:59         1.19794184111121         15.7740         -1.3280         262.60
15:04:03         1.09794068243622         12.5297         -0.7594         262.60
15:04:07         0.997940898731541         9.9527         -0.6747         262.60
15:04:11         0.897940341373011         7.9057         -0.7813         262.60
15:04:15         0.797938883024152         6.2797         -0.8304         262.60
15:04:19         0.697943874369764         4.9882         -0.9433         262.60
15:04:23         0.597936385571892         3.9622         -0.5533         262.60
15:04:27         0.497938142432874         3.1473         -1.1080         262.60
15:04:31         0.397940008672038         2.5000         -1.0470         262.60
15:04:35         0.29793551244985         1.9858         -0.1129         262.60
15:04:39         0.197941827982788         1.5774         0.3329         262.60
15:04:43         0.0979510782661857         1.2530         0.6491         262.60
#------------------------------------------------------------------
# Дата окончания эксперимента
#----------------------
# 29.04.2022
# 15:04:48
#----------------------
# Количество точек в скане 1206
