13:51:56         3.39794000867204         2500.0000         -1.7790         283.50
13:52:00         3.29794002877041         1985.8207         -1.8850         283.40
13:52:04         3.19794009555258         1577.3937         -2.1890         283.50
13:52:08         3.09794019718123         1252.9686         -2.5790         283.40
13:52:12         2.99794030947142         995.2686         -3.0710         283.50
13:52:15         2.89794040109701         790.5701         -3.6130         283.50
13:52:19         2.79794048044319         627.9723         -4.2040         283.40
13:52:23         2.69794064943186         498.8163         -4.8480         283.50
13:52:27         2.59794067657697         396.2239         -5.4750         283.40
13:52:31         2.4979407677867         314.7319         -6.1110         283.50
13:52:35         2.3979408834098         250.0005         -6.6900         283.50
13:52:39         2.29794098316926         198.5825         -7.1430         283.50
13:52:43         2.19794101139409         157.7397         -7.4300         283.50
13:52:47         2.09794100637999         125.2971         -7.5080         283.40
13:52:51         1.99794134816669         99.5271         -7.3760         283.50
13:52:55         1.8979408705064         79.0571         -6.9720         283.50
13:52:59         1.79794096059111         62.7973         -6.3380         283.40
13:53:03         1.69794123397439         49.8817         -5.5290         283.40
13:53:07         1.5979407602015         39.6224         -4.6090         283.50
13:53:11         1.49794089938297         31.4732         -3.6660         283.40
13:53:15         1.39794173163867         25.0001         -2.8140         283.40
13:53:19         1.29793988193963         19.8582         -2.0750         283.40
13:53:23         1.19794184111121         15.7740         -1.4740         283.40
13:53:27         1.09794068243622         12.5297         -1.0210         283.40
13:53:31         0.997940898731541         9.9527         -0.6520         283.40
13:53:34         0.897940341373011         7.9057         -0.3990         283.40
13:53:38         0.797938883024152         6.2797         -0.2155         283.40
13:53:42         0.697943874369764         4.9882         -0.1587         283.40
13:53:46         0.597936385571892         3.9622         -0.1242         283.40
13:53:50         0.497938142432874         3.1473         -0.0911         283.40
13:53:54         0.397940008672038         2.5000         -0.0528         283.40
13:53:58         0.29793551244985         1.9858         -0.0261         283.40
13:54:02         0.197941827982788         1.5774         -0.0473         283.40
13:54:06         0.0979510782661857         1.2530         -0.0171         283.40
#------------------------------------------------------------------
# Дата окончания эксперимента
#----------------------
# 05.05.2022
# 13:54:11
#----------------------
# Количество точек в скане 1183
