13:07:55         3.39794000867204         2500.0000         -4.8830         303.40
13:07:59         3.29794002877041         1985.8207         -5.1210         303.40
13:08:03         3.19794009555258         1577.3937         -5.5980         303.40
13:08:06         3.09794019718123         1252.9686         -6.0840         303.40
13:08:10         2.99794030947142         995.2686         -6.5130         303.40
13:08:14         2.89794040109701         790.5701         -6.7870         303.40
13:08:18         2.79794048044319         627.9723         -6.8620         303.40
13:08:22         2.69794064943186         498.8163         -6.7270         303.40
13:08:26         2.59794067657697         396.2239         -6.3200         303.40
13:08:30         2.4979407677867         314.7319         -5.7180         303.40
13:08:34         2.3979408834098         250.0005         -4.9230         303.40
13:08:38         2.29794098316926         198.5825         -4.0590         303.40
13:08:42         2.19794101139409         157.7397         -3.2330         303.40
13:08:46         2.09794100637999         125.2971         -2.4280         303.40
13:08:50         1.99794134816669         99.5271         -1.7710         303.40
13:08:54         1.8979408705064         79.0571         -1.2630         303.40
13:08:58         1.79794096059111         62.7973         -0.8475         303.40
13:09:02         1.69794123397439         49.8817         -0.5524         303.40
13:09:06         1.5979407602015         39.6224         -0.3610         303.40
13:09:10         1.49794089938297         31.4732         -0.2335         303.40
13:09:14         1.39794173163867         25.0001         -0.1285         303.40
13:09:18         1.29793988193963         19.8582         -0.0742         303.40
13:09:22         1.19794184111121         15.7740         -0.0662         303.40
13:09:26         1.09794068243622         12.5297         -0.0371         303.40
13:09:29         0.997940898731541         9.9527         -0.0636         303.40
13:09:33         0.897940341373011         7.9057         -0.0635         303.40
13:09:37         0.797938883024152         6.2797         -0.0385         303.40
13:09:41         0.697943874369764         4.9882         -0.0095         303.40
13:09:45         0.597936385571892         3.9622         -0.0256         303.40
13:09:49         0.497938142432874         3.1473         -0.0343         303.40
13:09:53         0.397940008672038         2.5000         -0.0343         303.40
13:09:57         0.29793551244985         1.9858         -0.0348         303.40
13:10:01         0.197941827982788         1.5774         -0.0481         303.40
13:10:05         0.0979510782661857         1.2530         -0.0699         303.40
#------------------------------------------------------------------
# Дата окончания эксперимента
#----------------------
# 11.05.2022
# 13:10:10
#----------------------
# Количество точек в скане 478
