12:51:25         3.39794000867204         2500.0000         -4.0990         303.40
12:51:29         3.29794002877041         1985.8207         -4.1280         303.40
12:51:33         3.19794009555258         1577.3937         -4.2300         303.40
12:51:37         3.09794019718123         1252.9686         -4.2160         303.40
12:51:41         2.99794030947142         995.2686         -4.1210         303.40
12:51:45         2.89794040109701         790.5701         -3.9540         303.40
12:51:49         2.79794048044319         627.9723         -3.6250         303.40
12:51:53         2.69794064943186         498.8163         -3.2220         303.40
12:51:57         2.59794067657697         396.2239         -2.8460         303.40
12:52:01         2.4979407677867         314.7319         -2.4700         303.40
12:52:05         2.3979408834098         250.0005         -2.0520         303.40
12:52:09         2.29794098316926         198.5825         -1.6250         303.40
12:52:13         2.19794101139409         157.7397         -1.2530         303.40
12:52:17         2.09794100637999         125.2971         -0.8865         303.40
12:52:21         1.99794134816669         99.5271         -0.5930         303.40
12:52:25         1.8979408705064         79.0571         -0.5295         303.40
12:52:29         1.79794096059111         62.7973         -0.3600         303.40
12:52:33         1.69794123397439         49.8817         -0.2144         303.40
12:52:37         1.5979407602015         39.6224         -0.1993         303.40
12:52:41         1.49794089938297         31.4732         -0.1587         303.40
12:52:44         1.39794173163867         25.0001         -0.1271         303.40
12:52:48         1.29793988193963         19.8582         -0.0385         303.40
12:52:52         1.19794184111121         15.7740         -0.0610         303.40
12:52:56         1.09794068243622         12.5297         -0.0011         303.40
12:53:00         0.997940898731541         9.9527         -0.0743         303.40
12:53:04         0.897940341373011         7.9057         -0.0322         303.40
12:53:08         0.797938883024152         6.2797         -0.0568         303.40
12:53:12         0.697943874369764         4.9882         -0.1743         303.40
12:53:16         0.597936385571892         3.9622         -0.1660         303.40
12:53:20         0.497938142432874         3.1473         -0.2266         303.40
12:53:24         0.397940008672038         2.5000         -0.1138         303.40
12:53:28         0.29793551244985         1.9858         -0.1015         303.40
12:53:32         0.197941827982788         1.5774         -0.0636         303.40
12:53:36         0.0979510782661857         1.2530         -0.1472         303.40
#------------------------------------------------------------------
# Дата окончания эксперимента
#----------------------
# 11.05.2022
# 12:53:41
#----------------------
# Количество точек в скане 371
