14:01:13         3.39794000867204         2500.0000         -0.7671         262.60
14:01:17         3.29794002877041         1985.8207         -0.8815         262.60
14:01:21         3.19794009555258         1577.3937         -0.8626         262.60
14:01:25         3.09794019718123         1252.9686         -0.8533         262.60
14:01:29         2.99794030947142         995.2686         -0.8749         262.60
14:01:33         2.89794040109701         790.5701         -1.0080         262.60
14:01:37         2.79794048044319         627.9723         -1.1120         262.60
14:01:41         2.69794064943186         498.8163         -1.2370         262.60
14:01:45         2.59794067657697         396.2239         -1.4110         262.60
14:01:49         2.4979407677867         314.7319         -1.4940         262.60
14:01:53         2.3979408834098         250.0005         -1.6380         262.60
14:01:57         2.29794098316926         198.5825         -1.6910         262.60
14:02:01         2.19794101139409         157.7397         -1.8370         262.60
14:02:05         2.09794100637999         125.2971         -2.0470         262.60
14:02:09         1.99794134816669         99.5271         -2.0550         262.60
14:02:13         1.8979408705064         79.0571         -2.3810         262.60
14:02:17         1.79794096059111         62.7973         -2.3040         262.60
14:02:21         1.69794123397439         49.8817         -2.2330         262.60
14:02:24         1.5979407602015         39.6224         -2.2890         262.60
14:02:28         1.49794089938297         31.4732         -2.2170         262.60
14:02:32         1.39794173163867         25.0001         -2.1350         262.60
14:02:36         1.29793988193963         19.8582         -2.0220         262.60
14:02:40         1.19794184111121         15.7740         -1.8820         262.60
14:02:44         1.09794068243622         12.5297         -1.6370         262.60
14:02:48         0.997940898731541         9.9527         -1.3360         262.60
14:02:52         0.897940341373011         7.9057         -1.0590         262.60
14:02:56         0.797938883024152         6.2797         -0.8791         262.60
14:03:00         0.697943874369764         4.9882         -0.7439         262.60
14:03:04         0.597936385571892         3.9622         -0.4947         262.60
14:03:08         0.497938142432874         3.1473         -0.4077         262.60
14:03:12         0.397940008672038         2.5000         -0.2855         262.60
14:03:16         0.29793551244985         1.9858         -0.2478         262.60
14:03:20         0.197941827982788         1.5774         -0.0880         262.60
14:03:24         0.0979510782661857         1.2530         0.0787         262.60
#------------------------------------------------------------------
# Дата окончания эксперимента
#----------------------
# 29.04.2022
# 14:03:29
#----------------------
# Количество точек в скане 812
