13:29:47         3.39794000867204         2500.0000         -1.4920         283.40
13:29:51         3.29794002877041         1985.8207         -1.6040         283.40
13:29:55         3.19794009555258         1577.3937         -1.8660         283.40
13:29:59         3.09794019718123         1252.9686         -2.1990         283.40
13:30:02         2.99794030947142         995.2686         -2.5900         283.40
13:30:06         2.89794040109701         790.5701         -3.0210         283.40
13:30:10         2.79794048044319         627.9723         -3.4820         283.40
13:30:14         2.69794064943186         498.8163         -3.9920         283.40
13:30:18         2.59794067657697         396.2239         -4.5040         283.40
13:30:22         2.4979407677867         314.7319         -4.9820         283.40
13:30:26         2.3979408834098         250.0005         -5.4060         283.40
13:30:30         2.29794098316926         198.5825         -5.7440         283.40
13:30:34         2.19794101139409         157.7397         -5.9590         283.40
13:30:38         2.09794100637999         125.2971         -5.9880         283.40
13:30:42         1.99794134816669         99.5271         -5.8690         283.40
13:30:46         1.8979408705064         79.0571         -5.5000         283.40
13:30:50         1.79794096059111         62.7973         -4.9800         283.40
13:30:54         1.69794123397439         49.8817         -4.3590         283.40
13:30:58         1.5979407602015         39.6224         -3.6350         283.40
13:31:02         1.49794089938297         31.4732         -2.8930         283.40
13:31:06         1.39794173163867         25.0001         -2.2070         283.40
13:31:10         1.29793988193963         19.8582         -1.6350         283.40
13:31:14         1.19794184111121         15.7740         -1.1560         283.40
13:31:18         1.09794068243622         12.5297         -0.7971         283.40
13:31:22         0.997940898731541         9.9527         -0.4988         283.40
13:31:26         0.897940341373011         7.9057         -0.3204         283.40
13:31:29         0.797938883024152         6.2797         -0.2086         283.40
13:31:33         0.697943874369764         4.9882         -0.1732         283.40
13:31:37         0.597936385571892         3.9622         -0.1239         283.40
13:31:41         0.497938142432874         3.1473         -0.0182         283.40
13:31:45         0.397940008672038         2.5000         0.0070         283.40
13:31:49         0.29793551244985         1.9858         -0.0002         283.40
13:31:53         0.197941827982788         1.5774         -0.0194         283.40
13:31:57         0.0979510782661857         1.2530         -0.0108         283.40
#------------------------------------------------------------------
# Дата окончания эксперимента
#----------------------
# 05.05.2022
# 13:32:02
#----------------------
# Количество точек в скане 1002
