15:07:38         3.39794000867204         2500.0000         -2.1420         262.60
15:07:41         3.29794002877041         1985.8207         -1.5930         262.60
15:07:45         3.19794009555258         1577.3937         -1.7190         262.60
15:07:49         3.09794019718123         1252.9686         -1.4630         262.60
15:07:53         2.99794030947142         995.2686         -1.7050         262.60
15:07:57         2.89794040109701         790.5701         -1.5390         262.60
15:08:01         2.79794048044319         627.9723         -1.4790         262.60
15:08:05         2.69794064943186         498.8163         -1.3790         262.60
15:08:09         2.59794067657697         396.2239         -1.8540         262.60
15:08:13         2.4979407677867         314.7319         -1.2940         262.60
15:08:17         2.3979408834098         250.0005         -1.4870         262.60
15:08:21         2.29794098316926         198.5825         -1.4410         262.60
15:08:25         2.19794101139409         157.7397         -1.2740         262.60
15:08:29         2.09794100637999         125.2971         -1.3720         262.60
15:08:33         1.99794134816669         99.5271         -1.7720         262.60
15:08:37         1.8979408705064         79.0571         -0.5005         262.60
15:08:41         1.79794096059111         62.7973         -0.8366         262.60
15:08:45         1.69794123397439         49.8817         -1.1880         262.60
15:08:49         1.5979407602015         39.6224         -1.0340         262.60
15:08:53         1.49794089938297         31.4732         -1.2120         262.60
15:08:57         1.39794173163867         25.0001         -0.9886         262.60
15:09:01         1.29793988193963         19.8582         -0.8641         262.60
15:09:05         1.19794184111121         15.7740         -0.9055         262.60
15:09:08         1.09794068243622         12.5297         -1.2550         262.60
15:09:12         0.997940898731541         9.9527         -1.1860         262.60
15:09:16         0.897940341373011         7.9057         -1.0720         262.60
15:09:20         0.797938883024152         6.2797         -0.9668         262.60
15:09:24         0.697943874369764         4.9882         -0.6683         262.60
15:09:28         0.597936385571892         3.9622         -1.1310         262.60
15:09:32         0.497938142432874         3.1473         -0.6207         262.60
15:09:36         0.397940008672038         2.5000         0.4486         262.60
15:09:40         0.29793551244985         1.9858         0.3288         262.60
15:09:45         0.197941827982788         1.5774         -0.0342         262.60
15:09:49         0.0979510782661857         1.2530         -0.3729         262.60
#------------------------------------------------------------------
# Дата окончания эксперимента
#----------------------
# 29.04.2022
# 15:09:54
#----------------------
# Количество точек в скане 1241
