16:01:06         3.39794000867204         2500.0000         -6.8480         303.30
16:01:10         3.29794002877041         1985.8207         -6.8710         303.30
16:01:14         3.19794009555258         1577.3937         -6.4670         303.30
16:01:18         3.09794019718123         1252.9686         -5.6390         303.30
16:01:22         2.99794030947142         995.2686         -5.9990         303.30
16:01:26         2.89794040109701         790.5701         -5.5660         303.30
16:01:30         2.79794048044319         627.9723         -4.3690         303.30
16:01:34         2.69794064943186         498.8163         -3.8020         303.30
16:01:38         2.59794067657697         396.2239         -2.9950         303.30
16:01:42         2.4979407677867         314.7319         -2.5790         303.30
16:01:46         2.3979408834098         250.0005         -1.9910         303.30
16:01:50         2.29794098316926         198.5825         -2.3590         303.30
16:01:54         2.19794101139409         157.7397         -1.9870         303.30
16:01:58         2.09794100637999         125.2971         -0.7135         303.30
16:02:02         1.99794134816669         99.5271         -2.2210         303.30
16:02:06         1.8979408705064         79.0571         -3.5070         303.30
16:02:10         1.79794096059111         62.7973         -1.4110         303.30
16:02:14         1.69794123397439         49.8817         -2.5390         303.30
16:02:18         1.5979407602015         39.6224         -3.9140         303.30
16:02:22         1.49794089938297         31.4732         -0.3954         303.30
16:02:25         1.39794173163867         25.0001         1.3820         303.30
16:02:29         1.29793988193963         19.8582         -1.0960         303.30
16:02:33         1.19794184111121         15.7740         -0.5992         303.30
16:02:37         1.09794068243622         12.5297         1.6640         303.30
16:02:41         0.997940898731541         9.9527         1.1450         303.30
16:02:45         0.897940341373011         7.9057         -1.4320         303.30
16:02:49         0.797938883024152         6.2797         -0.3609         303.30
16:02:53         0.697943874369764         4.9882         0.3403         303.30
16:02:57         0.597936385571892         3.9622         3.8340         303.30
16:03:01         0.497938142432874         3.1473         -0.1590         303.30
16:03:05         0.397940008672038         2.5000         -0.2443         303.30
16:03:09         0.29793551244985         1.9858         -1.1130         303.30
16:03:13         0.197941827982788         1.5774         -0.2341         303.30
16:03:17         0.0979510782661857         1.2530         -0.8559         303.30
#------------------------------------------------------------------
# Дата окончания эксперимента
#----------------------
# 06.05.2022
# 16:03:22
#----------------------
# Количество точек в скане 1233
