14:44:07         3.39794000867204         2500.0000         -5.8310         303.30
14:44:10         3.29794002877041         1985.8207         -6.0770         303.30
14:44:14         3.19794009555258         1577.3937         -6.5470         303.30
14:44:18         3.09794019718123         1252.9686         -6.9990         303.30
14:44:22         2.99794030947142         995.2686         -7.4070         303.30
14:44:26         2.89794040109701         790.5701         -7.6030         303.30
14:44:30         2.79794048044319         627.9723         -7.5890         303.30
14:44:34         2.69794064943186         498.8163         -7.3280         303.30
14:44:38         2.59794067657697         396.2239         -6.8270         303.30
14:44:42         2.4979407677867         314.7319         -6.0890         303.30
14:44:46         2.3979408834098         250.0005         -5.1920         303.30
14:44:50         2.29794098316926         198.5825         -4.2440         303.30
14:44:54         2.19794101139409         157.7397         -3.3330         303.30
14:44:58         2.09794100637999         125.2971         -2.5320         303.30
14:45:02         1.99794134816669         99.5271         -1.9280         303.30
14:45:06         1.8979408705064         79.0571         -1.4030         303.30
14:45:10         1.79794096059111         62.7973         -0.9380         303.30
14:45:14         1.69794123397439         49.8817         -0.6354         303.30
14:45:18         1.5979407602015         39.6224         -0.4666         303.30
14:45:22         1.49794089938297         31.4732         -0.3375         303.30
14:45:26         1.39794173163867         25.0001         -0.2470         303.30
14:45:30         1.29793988193963         19.8582         -0.1530         303.30
14:45:34         1.19794184111121         15.7740         -0.0880         303.30
14:45:37         1.09794068243622         12.5297         -0.1027         303.30
14:45:41         0.997940898731541         9.9527         -0.0981         303.30
14:45:45         0.897940341373011         7.9057         -0.0868         303.30
14:45:49         0.797938883024152         6.2797         -0.0996         303.30
14:45:53         0.697943874369764         4.9882         -0.0987         303.30
14:45:57         0.597936385571892         3.9622         -0.1250         303.30
14:46:01         0.497938142432874         3.1473         -0.1311         303.30
14:46:05         0.397940008672038         2.5000         -0.0708         303.30
14:46:09         0.29793551244985         1.9858         -0.0774         303.30
14:46:13         0.197941827982788         1.5774         -0.0656         303.30
14:46:17         0.0979510782661857         1.2530         -0.1109         303.30
#------------------------------------------------------------------
# Дата окончания эксперимента
#----------------------
# 06.05.2022
# 14:46:22
#----------------------
# Количество точек в скане 635
