14:10:03         3.39794000867204         2500.0000         -7.8070         283.40
14:10:06         3.29794002877041         1985.8207         -8.0040         283.40
14:10:10         3.19794009555258         1577.3937         -7.7440         283.40
14:10:14         3.09794019718123         1252.9686         -7.6630         283.50
14:10:18         2.99794030947142         995.2686         -7.9760         283.50
14:10:22         2.89794040109701         790.5701         -8.0720         283.50
14:10:26         2.79794048044319         627.9723         -8.2460         283.50
14:10:30         2.69794064943186         498.8163         -9.1520         283.40
14:10:34         2.59794067657697         396.2239         -8.7820         283.40
14:10:38         2.4979407677867         314.7319         -7.9880         283.40
14:10:42         2.3979408834098         250.0005         -7.0800         283.40
14:10:46         2.29794098316926         198.5825         -6.7740         283.40
14:10:50         2.19794101139409         157.7397         -5.9970         283.40
14:10:54         2.09794100637999         125.2971         -5.5660         283.40
14:10:58         1.99794134816669         99.5271         -5.0610         283.40
14:11:02         1.8979408705064         79.0571         -4.2640         283.40
14:11:06         1.79794096059111         62.7973         -3.5240         283.40
14:11:10         1.69794123397439         49.8817         -3.1380         283.40
14:11:14         1.5979407602015         39.6224         -2.4580         283.40
14:11:18         1.49794089938297         31.4732         -1.9570         283.40
14:11:22         1.39794173163867         25.0001         -2.3010         283.40
14:11:26         1.29793988193963         19.8582         -1.5260         283.40
14:11:29         1.19794184111121         15.7740         -1.0110         283.40
14:11:33         1.09794068243622         12.5297         -1.2160         283.40
14:11:37         0.997940898731541         9.9527         -1.0220         283.40
14:11:41         0.897940341373011         7.9057         -0.6552         283.40
14:11:45         0.797938883024152         6.2797         -0.6532         283.40
14:11:49         0.697943874369764         4.9882         -0.1288         283.40
14:11:53         0.597936385571892         3.9622         -0.5977         283.40
14:11:57         0.497938142432874         3.1473         -0.4295         283.40
14:12:01         0.397940008672038         2.5000         -0.6689         283.40
14:12:05         0.29793551244985         1.9858         -0.4655         283.40
14:12:09         0.197941827982788         1.5774         -0.8469         283.40
14:12:13         0.0979510782661857         1.2530         -0.7558         283.40
#------------------------------------------------------------------
# Дата окончания эксперимента
#----------------------
# 05.05.2022
# 14:12:18
#----------------------
# Количество точек в скане 1333
