15:31:49         3.39794000867204         2500.0000         -0.5551         263.00
15:31:53         3.29794002877041         1985.8207         -0.5984         262.90
15:31:57         3.19794009555258         1577.3937         -0.6450         262.90
15:32:01         3.09794019718123         1252.9686         -0.7559         263.00
15:32:05         2.99794030947142         995.2686         -0.8508         262.90
15:32:09         2.89794040109701         790.5701         -0.9799         262.90
15:32:13         2.79794048044319         627.9723         -1.1420         262.90
15:32:17         2.69794064943186         498.8163         -1.3270         262.90
15:32:21         2.59794067657697         396.2239         -1.5790         262.90
15:32:25         2.4979407677867         314.7319         -1.7840         262.90
15:32:29         2.3979408834098         250.0005         -2.0320         262.90
15:32:33         2.29794098316926         198.5825         -2.3520         262.90
15:32:37         2.19794101139409         157.7397         -2.7440         262.90
15:32:41         2.09794100637999         125.2971         -3.1720         262.90
15:32:45         1.99794134816669         99.5271         -3.6040         263.00
15:32:49         1.8979408705064         79.0571         -4.0270         262.90
15:32:53         1.79794096059111         62.7973         -4.5300         262.90
15:32:56         1.69794123397439         49.8817         -5.0430         262.90
15:33:00         1.5979407602015         39.6224         -5.4180         262.90
15:33:04         1.49794089938297         31.4732         -5.7040         262.90
15:33:08         1.39794173163867         25.0001         -5.8650         262.90
15:33:12         1.29793988193963         19.8582         -5.9330         262.90
15:33:16         1.19794184111121         15.7740         -5.7630         262.90
15:33:20         1.09794068243622         12.5297         -5.4310         262.90
15:33:24         0.997940898731541         9.9527         -4.8900         262.90
15:33:28         0.897940341373011         7.9057         -4.2510         262.90
15:33:32         0.797938883024152         6.2797         -3.5620         263.00
15:33:36         0.697943874369764         4.9882         -2.8070         263.00
15:33:40         0.597936385571892         3.9622         -2.1570         263.00
15:33:44         0.497938142432874         3.1473         -1.6820         262.90
15:33:48         0.397940008672038         2.5000         -1.2800         263.00
15:33:52         0.29793551244985         1.9858         -0.8931         262.90
15:33:56         0.197941827982788         1.5774         -0.6615         262.90
15:34:00         0.0979510782661857         1.2530         -0.4390         262.90
#------------------------------------------------------------------
# Дата окончания эксперимента
#----------------------
# 28.04.2022
# 15:34:05
#----------------------
# Количество точек в скане 1656
