14:05:54         3.39794000867204         2500.0000         -3.2980         283.40
14:05:58         3.29794002877041         1985.8207         -3.4480         283.40
14:06:02         3.19794009555258         1577.3937         -3.7610         283.40
14:06:06         3.09794019718123         1252.9686         -4.1970         283.40
14:06:10         2.99794030947142         995.2686         -4.7490         283.40
14:06:14         2.89794040109701         790.5701         -5.2960         283.40
14:06:18         2.79794048044319         627.9723         -5.8100         283.40
14:06:22         2.69794064943186         498.8163         -6.1570         283.40
14:06:26         2.59794067657697         396.2239         -6.5470         283.40
14:06:30         2.4979407677867         314.7319         -6.8690         283.40
14:06:34         2.3979408834098         250.0005         -7.0610         283.40
14:06:38         2.29794098316926         198.5825         -7.0210         283.40
14:06:42         2.19794101139409         157.7397         -6.8400         283.40
14:06:45         2.09794100637999         125.2971         -6.5100         283.40
14:06:49         1.99794134816669         99.5271         -5.9740         283.40
14:06:53         1.8979408705064         79.0571         -5.4610         283.50
14:06:57         1.79794096059111         62.7973         -4.7680         283.50
14:07:01         1.69794123397439         49.8817         -3.9340         283.40
14:07:05         1.5979407602015         39.6224         -3.1840         283.40
14:07:09         1.49794089938297         31.4732         -2.4850         283.40
14:07:13         1.39794173163867         25.0001         -1.8670         283.40
14:07:17         1.29793988193963         19.8582         -1.2700         283.40
14:07:21         1.19794184111121         15.7740         -0.8986         283.40
14:07:25         1.09794068243622         12.5297         -0.6570         283.40
14:07:29         0.997940898731541         9.9527         -0.4524         283.40
14:07:33         0.897940341373011         7.9057         -0.3714         283.40
14:07:37         0.797938883024152         6.2797         -0.2312         283.40
14:07:41         0.697943874369764         4.9882         -0.1060         283.40
14:07:45         0.597936385571892         3.9622         -0.1122         283.40
14:07:49         0.497938142432874         3.1473         -0.0139         283.40
14:07:53         0.397940008672038         2.5000         0.0262         283.40
14:07:56         0.29793551244985         1.9858         -0.0392         283.40
14:08:01         0.197941827982788         1.5774         0.0558         283.40
14:08:05         0.0979510782661857         1.2530         -0.0543         283.40
#------------------------------------------------------------------
# Дата окончания эксперимента
#----------------------
# 05.05.2022
# 14:08:10
#----------------------
# Количество точек в скане 1298
