11:49:38         3.39794000867204         2500.0000         -2.1030         283.40
11:49:42         3.29794002877041         1985.8207         -2.1990         283.40
11:49:46         3.19794009555258         1577.3937         -2.4590         283.40
11:49:50         3.09794019718123         1252.9686         -2.8650         283.40
11:49:54         2.99794030947142         995.2686         -3.3570         283.40
11:49:58         2.89794040109701         790.5701         -3.8570         283.40
11:50:01         2.79794048044319         627.9723         -4.3910         283.40
11:50:05         2.69794064943186         498.8163         -4.9590         283.40
11:50:09         2.59794067657697         396.2239         -5.5640         283.40
11:50:13         2.4979407677867         314.7319         -6.0960         283.40
11:50:17         2.3979408834098         250.0005         -6.5540         283.40
11:50:21         2.29794098316926         198.5825         -6.8900         283.40
11:50:25         2.19794101139409         157.7397         -7.0660         283.40
11:50:29         2.09794100637999         125.2971         -7.0270         283.40
11:50:33         1.99794134816669         99.5271         -6.7940         283.40
11:50:37         1.8979408705064         79.0571         -6.3670         283.40
11:50:41         1.79794096059111         62.7973         -5.7200         283.40
11:50:45         1.69794123397439         49.8817         -4.9220         283.40
11:50:49         1.5979407602015         39.6224         -4.1160         283.40
11:50:53         1.49794089938297         31.4732         -3.2680         283.40
11:50:57         1.39794173163867         25.0001         -2.5280         283.40
11:51:01         1.29793988193963         19.8582         -1.9030         283.40
11:51:05         1.19794184111121         15.7740         -1.3450         283.40
11:51:09         1.09794068243622         12.5297         -0.9087         283.40
11:51:13         0.997940898731541         9.9527         -0.6468         283.40
11:51:17         0.897940341373011         7.9057         -0.4398         283.40
11:51:21         0.797938883024152         6.2797         -0.3197         283.40
11:51:24         0.697943874369764         4.9882         -0.3133         283.40
11:51:28         0.597936385571892         3.9622         -0.1686         283.40
11:51:32         0.497938142432874         3.1473         -0.0999         283.40
11:51:36         0.397940008672038         2.5000         -0.1131         283.40
11:51:40         0.29793551244985         1.9858         -0.0281         283.40
11:51:44         0.197941827982788         1.5774         -0.0520         283.40
11:51:48         0.0979510782661857         1.2530         -0.1329         283.40
#------------------------------------------------------------------
# Дата окончания эксперимента
#----------------------
# 05.05.2022
# 11:51:53
#----------------------
# Количество точек в скане 210
