12:20:06         3.39794000867204         2500.0000         -5.4050         303.40
12:20:09         3.29794002877041         1985.8207         -5.6920         303.40
12:20:13         3.19794009555258         1577.3937         -6.2440         303.40
12:20:17         3.09794019718123         1252.9686         -6.8490         303.40
12:20:21         2.99794030947142         995.2686         -7.3970         303.40
12:20:25         2.89794040109701         790.5701         -7.7620         303.40
12:20:29         2.79794048044319         627.9723         -7.9070         303.40
12:20:33         2.69794064943186         498.8163         -7.7600         303.40
12:20:37         2.59794067657697         396.2239         -7.3410         303.40
12:20:41         2.4979407677867         314.7319         -6.6700         303.40
12:20:45         2.3979408834098         250.0005         -5.7930         303.40
12:20:49         2.29794098316926         198.5825         -4.8110         303.40
12:20:53         2.19794101139409         157.7397         -3.8120         303.40
12:20:57         2.09794100637999         125.2971         -2.9110         303.40
12:21:01         1.99794134816669         99.5271         -2.1400         303.40
12:21:05         1.8979408705064         79.0571         -1.5050         303.40
12:21:09         1.79794096059111         62.7973         -1.0190         303.40
12:21:13         1.69794123397439         49.8817         -0.6648         303.40
12:21:17         1.5979407602015         39.6224         -0.4146         303.40
12:21:21         1.49794089938297         31.4732         -0.2472         303.40
12:21:25         1.39794173163867         25.0001         -0.1724         303.40
12:21:29         1.29793988193963         19.8582         -0.0990         303.40
12:21:32         1.19794184111121         15.7740         -0.0505         303.40
12:21:36         1.09794068243622         12.5297         -0.0360         303.40
12:21:40         0.997940898731541         9.9527         -0.0479         303.40
12:21:44         0.897940341373011         7.9057         -0.0430         303.40
12:21:48         0.797938883024152         6.2797         -0.0337         303.40
12:21:52         0.697943874369764         4.9882         -0.0201         303.40
12:21:56         0.597936385571892         3.9622         -0.0484         303.40
12:22:00         0.497938142432874         3.1473         -0.0374         303.40
12:22:04         0.397940008672038         2.5000         -0.0714         303.40
12:22:08         0.29793551244985         1.9858         -0.0597         303.40
12:22:12         0.197941827982788         1.5774         -0.0294         303.40
12:22:16         0.0979510782661857         1.2530         -0.0327         303.40
#------------------------------------------------------------------
# Дата окончания эксперимента
#----------------------
# 11.05.2022
# 12:22:21
#----------------------
# Количество точек в скане 115
