12:38:04         3.39794000867204         2500.0000         -1.4920         283.40
12:38:08         3.29794002877041         1985.8207         -1.5950         283.40
12:38:12         3.19794009555258         1577.3937         -1.7950         283.40
12:38:16         3.09794019718123         1252.9686         -2.0240         283.40
12:38:20         2.99794030947142         995.2686         -2.2730         283.40
12:38:24         2.89794040109701         790.5701         -2.5690         283.40
12:38:28         2.79794048044319         627.9723         -2.8270         283.40
12:38:32         2.69794064943186         498.8163         -3.0670         283.40
12:38:36         2.59794067657697         396.2239         -3.3500         283.40
12:38:40         2.4979407677867         314.7319         -3.5690         283.40
12:38:44         2.3979408834098         250.0005         -3.6800         283.40
12:38:48         2.29794098316926         198.5825         -3.7660         283.40
12:38:52         2.19794101139409         157.7397         -3.7560         283.40
12:38:56         2.09794100637999         125.2971         -3.6210         283.40
12:39:00         1.99794134816669         99.5271         -3.4120         283.40
12:39:04         1.8979408705064         79.0571         -3.1340         283.40
12:39:08         1.79794096059111         62.7973         -2.7660         283.40
12:39:12         1.69794123397439         49.8817         -2.3560         283.40
12:39:16         1.5979407602015         39.6224         -1.9460         283.40
12:39:20         1.49794089938297         31.4732         -1.5270         283.40
12:39:24         1.39794173163867         25.0001         -1.1730         283.40
12:39:27         1.29793988193963         19.8582         -0.8508         283.40
12:39:31         1.19794184111121         15.7740         -0.6621         283.40
12:39:35         1.09794068243622         12.5297         -0.4619         283.40
12:39:39         0.997940898731541         9.9527         -0.3342         283.40
12:39:43         0.897940341373011         7.9057         -0.2426         283.40
12:39:47         0.797938883024152         6.2797         -0.2254         283.40
12:39:51         0.697943874369764         4.9882         -0.1369         283.40
12:39:55         0.597936385571892         3.9622         -0.1321         283.40
12:39:59         0.497938142432874         3.1473         -0.1236         283.40
12:40:03         0.397940008672038         2.5000         -0.1898         283.40
12:40:07         0.29793551244985         1.9858         -0.1811         283.40
12:40:11         0.197941827982788         1.5774         -0.2019         283.40
12:40:15         0.0979510782661857         1.2530         -0.0888         283.40
#------------------------------------------------------------------
# Дата окончания эксперимента
#----------------------
# 05.05.2022
# 12:40:20
#----------------------
# Количество точек в скане 592
