12:01:42         3.39794000867204         2500.0000         -0.6659         262.60
12:01:46         3.29794002877041         1985.8207         -0.7031         262.60
12:01:50         3.19794009555258         1577.3937         -0.8069         262.60
12:01:54         3.09794019718123         1252.9686         -0.8821         262.60
12:01:58         2.99794030947142         995.2686         -1.0000         262.60
12:02:02         2.89794040109701         790.5701         -1.1280         262.60
12:02:06         2.79794048044319         627.9723         -1.3350         262.60
12:02:10         2.69794064943186         498.8163         -1.4660         262.60
12:02:14         2.59794067657697         396.2239         -1.7960         262.60
12:02:18         2.4979407677867         314.7319         -2.1140         262.60
12:02:22         2.3979408834098         250.0005         -2.4700         262.60
12:02:26         2.29794098316926         198.5825         -2.8840         262.60
12:02:30         2.19794101139409         157.7397         -3.3490         262.60
12:02:34         2.09794100637999         125.2971         -3.8390         262.60
12:02:38         1.99794134816669         99.5271         -4.3500         262.60
12:02:42         1.8979408705064         79.0571         -4.7970         262.60
12:02:46         1.79794096059111         62.7973         -5.4730         262.60
12:02:50         1.69794123397439         49.8817         -6.0130         262.60
12:02:54         1.5979407602015         39.6224         -6.5320         262.60
12:02:58         1.49794089938297         31.4732         -6.8980         262.60
12:03:01         1.39794173163867         25.0001         -7.1180         262.60
12:03:05         1.29793988193963         19.8582         -7.1940         262.60
12:03:09         1.19794184111121         15.7740         -7.0160         262.60
12:03:13         1.09794068243622         12.5297         -6.5830         262.60
12:03:17         0.997940898731541         9.9527         -5.9620         262.60
12:03:21         0.897940341373011         7.9057         -5.2220         262.60
12:03:25         0.797938883024152         6.2797         -4.3750         262.60
12:03:29         0.697943874369764         4.9882         -3.4380         262.60
12:03:33         0.597936385571892         3.9622         -2.6960         262.60
12:03:37         0.497938142432874         3.1473         -1.9920         262.60
12:03:41         0.397940008672038         2.5000         -1.4170         262.60
12:03:45         0.29793551244985         1.9858         -0.9045         262.60
12:03:49         0.197941827982788         1.5774         -0.5891         262.60
12:03:53         0.0979510782661857         1.2530         -0.3813         262.60
#------------------------------------------------------------------
# Дата окончания эксперимента
#----------------------
# 29.04.2022
# 12:03:58
#----------------------
# Количество точек в скане 181
