13:20:54         3.39794000867204         2500.0000         -5.6460         303.40
13:20:58         3.29794002877041         1985.8207         -5.8830         303.40
13:21:02         3.19794009555258         1577.3937         -6.2980         303.40
13:21:06         3.09794019718123         1252.9686         -6.6540         303.40
13:21:10         2.99794030947142         995.2686         -6.8990         303.40
13:21:14         2.89794040109701         790.5701         -6.9670         303.40
13:21:18         2.79794048044319         627.9723         -6.8770         303.40
13:21:22         2.69794064943186         498.8163         -6.5440         303.40
13:21:26         2.59794067657697         396.2239         -5.9960         303.40
13:21:30         2.4979407677867         314.7319         -5.3060         303.40
13:21:34         2.3979408834098         250.0005         -4.5480         303.40
13:21:38         2.29794098316926         198.5825         -3.7160         303.40
13:21:42         2.19794101139409         157.7397         -2.9140         303.40
13:21:46         2.09794100637999         125.2971         -2.1910         303.40
13:21:50         1.99794134816669         99.5271         -1.5850         303.40
13:21:53         1.8979408705064         79.0571         -1.1390         303.40
13:21:57         1.79794096059111         62.7973         -0.7710         303.40
13:22:01         1.69794123397439         49.8817         -0.5269         303.40
13:22:05         1.5979407602015         39.6224         -0.3700         303.40
13:22:09         1.49794089938297         31.4732         -0.2618         303.40
13:22:13         1.39794173163867         25.0001         -0.1950         303.40
13:22:17         1.29793988193963         19.8582         -0.1654         303.40
13:22:21         1.19794184111121         15.7740         -0.1190         303.40
13:22:25         1.09794068243622         12.5297         -0.1212         303.40
13:22:29         0.997940898731541         9.9527         -0.1151         303.40
13:22:33         0.897940341373011         7.9057         -0.1146         303.40
13:22:37         0.797938883024152         6.2797         -0.1237         303.40
13:22:41         0.697943874369764         4.9882         -0.1073         303.40
13:22:45         0.597936385571892         3.9622         -0.0821         303.40
13:22:49         0.497938142432874         3.1473         -0.0755         303.40
13:22:53         0.397940008672038         2.5000         -0.0497         303.40
13:22:57         0.29793551244985         1.9858         -0.0600         303.40
13:23:01         0.197941827982788         1.5774         -0.1311         303.40
13:23:05         0.0979510782661857         1.2530         -0.0478         303.40
#------------------------------------------------------------------
# Дата окончания эксперимента
#----------------------
# 11.05.2022
# 13:23:09
#----------------------
# Количество точек в скане 583
