13:14:51         3.39794000867204         2500.0000         -2.3410         283.40
13:14:55         3.29794002877041         1985.8207         -2.4370         283.40
13:14:59         3.19794009555258         1577.3937         -2.6340         283.40
13:15:03         3.09794019718123         1252.9686         -2.9010         283.40
13:15:07         2.99794030947142         995.2686         -3.1550         283.40
13:15:11         2.89794040109701         790.5701         -3.4590         283.40
13:15:15         2.79794048044319         627.9723         -3.6940         283.40
13:15:19         2.69794064943186         498.8163         -3.7750         283.40
13:15:23         2.59794067657697         396.2239         -4.0500         283.40
13:15:27         2.4979407677867         314.7319         -4.1400         283.40
13:15:31         2.3979408834098         250.0005         -4.1730         283.40
13:15:34         2.29794098316926         198.5825         -4.1490         283.40
13:15:38         2.19794101139409         157.7397         -3.9760         283.40
13:15:42         2.09794100637999         125.2971         -3.7420         283.40
13:15:46         1.99794134816669         99.5271         -3.5020         283.40
13:15:50         1.8979408705064         79.0571         -3.1930         283.40
13:15:54         1.79794096059111         62.7973         -2.7440         283.40
13:15:58         1.69794123397439         49.8817         -2.1830         283.40
13:16:02         1.5979407602015         39.6224         -1.6890         283.40
13:16:06         1.49794089938297         31.4732         -1.3150         283.40
13:16:10         1.39794173163867         25.0001         -1.0180         283.40
13:16:14         1.29793988193963         19.8582         -0.7605         283.40
13:16:18         1.19794184111121         15.7740         -0.6136         283.40
13:16:22         1.09794068243622         12.5297         -0.3989         283.40
13:16:26         0.997940898731541         9.9527         -0.2097         283.40
13:16:30         0.897940341373011         7.9057         -0.1625         283.40
13:16:34         0.797938883024152         6.2797         -0.1118         283.40
13:16:38         0.697943874369764         4.9882         -0.0461         283.40
13:16:42         0.597936385571892         3.9622         -0.0598         283.40
13:16:46         0.497938142432874         3.1473         -0.0589         283.40
13:16:49         0.397940008672038         2.5000         -0.1366         283.40
13:16:53         0.29793551244985         1.9858         -0.2849         283.40
13:16:57         0.197941827982788         1.5774         -0.1329         283.40
13:17:01         0.0979510782661857         1.2530         -0.2147         283.40
#------------------------------------------------------------------
# Дата окончания эксперимента
#----------------------
# 05.05.2022
# 13:17:06
#----------------------
# Количество точек в скане 872
