15:22:31         3.39794000867204         2500.0000         -4.7980         303.30
15:22:35         3.29794002877041         1985.8207         -5.0410         303.30
15:22:39         3.19794009555258         1577.3937         -5.5190         303.30
15:22:43         3.09794019718123         1252.9686         -6.0430         303.30
15:22:47         2.99794030947142         995.2686         -6.5050         303.30
15:22:51         2.89794040109701         790.5701         -6.8200         303.30
15:22:55         2.79794048044319         627.9723         -6.9140         303.30
15:22:59         2.69794064943186         498.8163         -6.7930         303.30
15:23:03         2.59794067657697         396.2239         -6.4220         303.30
15:23:07         2.4979407677867         314.7319         -5.8320         303.30
15:23:11         2.3979408834098         250.0005         -5.0450         303.30
15:23:15         2.29794098316926         198.5825         -4.1720         303.30
15:23:19         2.19794101139409         157.7397         -3.3160         303.30
15:23:23         2.09794100637999         125.2971         -2.5310         303.30
15:23:27         1.99794134816669         99.5271         -1.8620         303.30
15:23:31         1.8979408705064         79.0571         -1.2700         303.30
15:23:35         1.79794096059111         62.7973         -0.8696         303.30
15:23:39         1.69794123397439         49.8817         -0.5797         303.30
15:23:43         1.5979407602015         39.6224         -0.3708         303.30
15:23:47         1.49794089938297         31.4732         -0.2333         303.30
15:23:51         1.39794173163867         25.0001         -0.1501         303.30
15:23:54         1.29793988193963         19.8582         -0.0848         303.30
15:23:58         1.19794184111121         15.7740         -0.0446         303.30
15:24:02         1.09794068243622         12.5297         -0.0423         303.30
15:24:06         0.997940898731541         9.9527         -0.0568         303.30
15:24:10         0.897940341373011         7.9057         -0.0569         303.30
15:24:14         0.797938883024152         6.2797         -0.0671         303.30
15:24:18         0.697943874369764         4.9882         -0.0797         303.30
15:24:22         0.597936385571892         3.9622         -0.0687         303.30
15:24:26         0.497938142432874         3.1473         -0.0746         303.30
15:24:30         0.397940008672038         2.5000         -0.0679         303.30
15:24:34         0.29793551244985         1.9858         -0.0789         303.30
15:24:38         0.197941827982788         1.5774         -0.0542         303.30
15:24:42         0.0979510782661857         1.2530         -0.0035         303.30
#------------------------------------------------------------------
# Дата окончания эксперимента
#----------------------
# 06.05.2022
# 15:24:47
#----------------------
# Количество точек в скане 889
