14:21:21         3.39794000867204         2500.0000         -0.8263         262.60
14:21:25         3.29794002877041         1985.8207         -0.8488         262.60
14:21:29         3.19794009555258         1577.3937         -0.8682         262.60
14:21:33         3.09794019718123         1252.9686         -1.0080         262.60
14:21:37         2.99794030947142         995.2686         -1.1360         262.60
14:21:41         2.89794040109701         790.5701         -1.2450         262.60
14:21:45         2.79794048044319         627.9723         -1.3460         262.60
14:21:49         2.69794064943186         498.8163         -1.4330         262.60
14:21:53         2.59794067657697         396.2239         -1.7980         262.60
14:21:57         2.4979407677867         314.7319         -1.9300         262.60
14:22:01         2.3979408834098         250.0005         -2.1570         262.60
14:22:05         2.29794098316926         198.5825         -2.4150         262.60
14:22:09         2.19794101139409         157.7397         -2.7100         262.60
14:22:13         2.09794100637999         125.2971         -3.0500         262.60
14:22:17         1.99794134816669         99.5271         -3.2690         262.60
14:22:21         1.8979408705064         79.0571         -3.2200         262.60
14:22:25         1.79794096059111         62.7973         -3.6100         262.60
14:22:29         1.69794123397439         49.8817         -3.9880         262.60
14:22:33         1.5979407602015         39.6224         -4.1730         262.60
14:22:36         1.49794089938297         31.4732         -4.2070         262.60
14:22:40         1.39794173163867         25.0001         -4.0440         262.60
14:22:44         1.29793988193963         19.8582         -3.9370         262.60
14:22:48         1.19794184111121         15.7740         -3.6530         262.60
14:22:52         1.09794068243622         12.5297         -3.2830         262.60
14:22:56         0.997940898731541         9.9527         -2.8970         262.60
14:23:00         0.897940341373011         7.9057         -2.4880         262.60
14:23:04         0.797938883024152         6.2797         -2.0510         262.60
14:23:08         0.697943874369764         4.9882         -1.5280         262.60
14:23:12         0.597936385571892         3.9622         -1.0730         262.60
14:23:16         0.497938142432874         3.1473         -0.8459         262.60
14:23:20         0.397940008672038         2.5000         -0.7068         262.60
14:23:24         0.29793551244985         1.9858         -0.3596         262.60
14:23:28         0.197941827982788         1.5774         -0.2879         262.60
14:23:32         0.0979510782661857         1.2530         -0.1973         262.60
#------------------------------------------------------------------
# Дата окончания эксперимента
#----------------------
# 29.04.2022
# 14:23:37
#----------------------
# Количество точек в скане 952
