15:35:09         3.39794000867204         2500.0000         -1.1800         283.20
15:35:13         3.29794002877041         1985.8207         -1.2650         283.20
15:35:17         3.19794009555258         1577.3937         -1.4730         283.30
15:35:21         3.09794019718123         1252.9686         -1.7230         283.30
15:35:25         2.99794030947142         995.2686         -2.0470         283.20
15:35:29         2.89794040109701         790.5701         -2.3930         283.30
15:35:33         2.79794048044319         627.9723         -2.7580         283.30
15:35:37         2.69794064943186         498.8163         -3.1580         283.30
15:35:41         2.59794067657697         396.2239         -3.5540         283.30
15:35:45         2.4979407677867         314.7319         -3.9340         283.30
15:35:49         2.3979408834098         250.0005         -4.2760         283.20
15:35:53         2.29794098316926         198.5825         -4.5610         283.20
15:35:57         2.19794101139409         157.7397         -4.7450         283.20
15:36:00         2.09794100637999         125.2971         -4.7920         283.20
15:36:04         1.99794134816669         99.5271         -4.6890         283.20
15:36:08         1.8979408705064         79.0571         -4.4490         283.20
15:36:12         1.79794096059111         62.7973         -4.0300         283.20
15:36:16         1.69794123397439         49.8817         -3.5160         283.20
15:36:20         1.5979407602015         39.6224         -2.9390         283.30
15:36:24         1.49794089938297         31.4732         -2.3210         283.20
15:36:28         1.39794173163867         25.0001         -1.7780         283.20
15:36:32         1.29793988193963         19.8582         -1.3100         283.30
15:36:36         1.19794184111121         15.7740         -0.9232         283.20
15:36:40         1.09794068243622         12.5297         -0.6190         283.20
15:36:44         0.997940898731541         9.9527         -0.4184         283.20
15:36:48         0.897940341373011         7.9057         -0.2730         283.20
15:36:52         0.797938883024152         6.2797         -0.1656         283.20
15:36:56         0.697943874369764         4.9882         -0.1297         283.20
15:37:00         0.597936385571892         3.9622         -0.0758         283.20
15:37:04         0.497938142432874         3.1473         -0.0217         283.20
15:37:08         0.397940008672038         2.5000         -0.0359         283.20
15:37:12         0.29793551244985         1.9858         -0.0580         283.20
15:37:15         0.197941827982788         1.5774         -0.0267         283.30
15:37:19         0.0979510782661857         1.2530         -0.0624         283.30
#------------------------------------------------------------------
# Дата окончания эксперимента
#----------------------
# 04.05.2022
# 15:37:24
#----------------------
# Количество точек в скане 385
