12:28:27         3.39794000867204         2500.0000         -4.2620         303.40
12:28:31         3.29794002877041         1985.8207         -4.4540         303.40
12:28:35         3.19794009555258         1577.3937         -4.8610         303.40
12:28:39         3.09794019718123         1252.9686         -5.2840         303.40
12:28:43         2.99794030947142         995.2686         -5.6270         303.40
12:28:47         2.89794040109701         790.5701         -5.8610         303.40
12:28:50         2.79794048044319         627.9723         -5.9190         303.40
12:28:54         2.69794064943186         498.8163         -5.7600         303.40
12:28:58         2.59794067657697         396.2239         -5.3920         303.40
12:29:02         2.4979407677867         314.7319         -4.8720         303.40
12:29:06         2.3979408834098         250.0005         -4.2110         303.40
12:29:10         2.29794098316926         198.5825         -3.4740         303.40
12:29:14         2.19794101139409         157.7397         -2.7280         303.40
12:29:18         2.09794100637999         125.2971         -2.0820         303.40
12:29:22         1.99794134816669         99.5271         -1.5250         303.40
12:29:26         1.8979408705064         79.0571         -1.0630         303.40
12:29:30         1.79794096059111         62.7973         -0.7310         303.40
12:29:34         1.69794123397439         49.8817         -0.4855         303.40
12:29:38         1.5979407602015         39.6224         -0.2911         303.40
12:29:42         1.49794089938297         31.4732         -0.1825         303.40
12:29:46         1.39794173163867         25.0001         -0.1167         303.40
12:29:50         1.29793988193963         19.8582         -0.0702         303.40
12:29:54         1.19794184111121         15.7740         -0.0429         303.40
12:29:58         1.09794068243622         12.5297         -0.0345         303.40
12:30:02         0.997940898731541         9.9527         -0.0258         303.40
12:30:06         0.897940341373011         7.9057         -0.0131         303.40
12:30:10         0.797938883024152         6.2797         -0.0337         303.40
12:30:14         0.697943874369764         4.9882         -0.0197         303.40
12:30:17         0.597936385571892         3.9622         -0.0250         303.40
12:30:21         0.497938142432874         3.1473         -0.0282         303.40
12:30:25         0.397940008672038         2.5000         -0.0578         303.40
12:30:29         0.29793551244985         1.9858         -0.0276         303.40
12:30:33         0.197941827982788         1.5774         -0.0487         303.40
12:30:37         0.0979510782661857         1.2530         -0.0456         303.40
#------------------------------------------------------------------
# Дата окончания эксперимента
#----------------------
# 11.05.2022
# 12:30:42
#----------------------
# Количество точек в скане 185
