11:57:29         3.39794000867204         2500.0000         -0.3621         263.00
11:57:33         3.29794002877041         1985.8207         -0.3741         263.00
11:57:37         3.19794009555258         1577.3937         -0.3992         263.00
11:57:41         3.09794019718123         1252.9686         -0.4607         263.00
11:57:45         2.99794030947142         995.2686         -0.5309         263.00
11:57:49         2.89794040109701         790.5701         -0.6155         263.00
11:57:53         2.79794048044319         627.9723         -0.7210         263.00
11:57:57         2.69794064943186         498.8163         -0.8476         263.00
11:58:01         2.59794067657697         396.2239         -0.9865         263.00
11:58:05         2.4979407677867         314.7319         -1.1460         263.00
11:58:08         2.3979408834098         250.0005         -1.3630         263.00
11:58:12         2.29794098316926         198.5825         -1.6150         263.00
11:58:16         2.19794101139409         157.7397         -1.9050         263.00
11:58:20         2.09794100637999         125.2971         -2.2600         263.00
11:58:24         1.99794134816669         99.5271         -2.6270         263.00
11:58:28         1.8979408705064         79.0571         -3.0150         263.00
11:58:32         1.79794096059111         62.7973         -3.4500         263.00
11:58:36         1.69794123397439         49.8817         -3.8520         263.00
11:58:40         1.5979407602015         39.6224         -4.2340         263.00
11:58:44         1.49794089938297         31.4732         -4.5660         263.00
11:58:48         1.39794173163867         25.0001         -4.7950         263.00
11:58:52         1.29793988193963         19.8582         -4.9240         263.00
11:58:56         1.19794184111121         15.7740         -4.8790         263.00
11:59:00         1.09794068243622         12.5297         -4.6550         263.00
11:59:04         0.997940898731541         9.9527         -4.2750         263.00
11:59:08         0.897940341373011         7.9057         -3.7560         263.00
11:59:12         0.797938883024152         6.2797         -3.1710         263.00
11:59:16         0.697943874369764         4.9882         -2.5670         263.00
11:59:20         0.597936385571892         3.9622         -2.0130         263.00
11:59:24         0.497938142432874         3.1473         -1.4750         263.00
11:59:28         0.397940008672038         2.5000         -1.0310         263.00
11:59:31         0.29793551244985         1.9858         -0.6738         263.00
11:59:35         0.197941827982788         1.5774         -0.4337         263.00
11:59:39         0.0979510782661857         1.2530         -0.2965         263.00
#------------------------------------------------------------------
# Дата окончания эксперимента
#----------------------
# 28.04.2022
# 11:59:44
#----------------------
# Количество точек в скане 479
