14:31:50         3.39794000867204         2500.0000         -4.2880         303.30
14:31:54         3.29794002877041         1985.8207         -4.5120         303.30
14:31:58         3.19794009555258         1577.3937         -4.9370         303.30
14:32:02         3.09794019718123         1252.9686         -5.3910         303.30
14:32:06         2.99794030947142         995.2686         -5.7680         303.30
14:32:10         2.89794040109701         790.5701         -6.0170         303.30
14:32:14         2.79794048044319         627.9723         -6.0810         303.30
14:32:18         2.69794064943186         498.8163         -5.9890         303.30
14:32:22         2.59794067657697         396.2239         -5.6270         303.30
14:32:26         2.4979407677867         314.7319         -5.0840         303.30
14:32:30         2.3979408834098         250.0005         -4.4160         303.30
14:32:34         2.29794098316926         198.5825         -3.6690         303.30
14:32:38         2.19794101139409         157.7397         -2.9140         303.30
14:32:42         2.09794100637999         125.2971         -2.2120         303.30
14:32:46         1.99794134816669         99.5271         -1.6410         303.30
14:32:50         1.8979408705064         79.0571         -1.1590         303.30
14:32:54         1.79794096059111         62.7973         -0.7835         303.30
14:32:58         1.69794123397439         49.8817         -0.5064         303.30
14:33:01         1.5979407602015         39.6224         -0.3256         303.30
14:33:05         1.49794089938297         31.4732         -0.2029         303.30
14:33:09         1.39794173163867         25.0001         -0.1122         303.30
14:33:13         1.29793988193963         19.8582         -0.0742         303.30
14:33:17         1.19794184111121         15.7740         -0.0505         303.30
14:33:21         1.09794068243622         12.5297         -0.0490         303.30
14:33:25         0.997940898731541         9.9527         -0.0391         303.30
14:33:29         0.897940341373011         7.9057         -0.0200         303.30
14:33:33         0.797938883024152         6.2797         -0.0298         303.30
14:33:37         0.697943874369764         4.9882         -0.0522         303.30
14:33:41         0.597936385571892         3.9622         -0.0308         303.30
14:33:45         0.497938142432874         3.1473         -0.0336         303.30
14:33:49         0.397940008672038         2.5000         -0.0328         303.30
14:33:53         0.29793551244985         1.9858         0.0232         303.30
14:33:58         0.197941827982788         1.5774         -0.0021         303.30
14:34:02         0.0979510782661857         1.2530         -0.0232         303.30
#------------------------------------------------------------------
# Дата окончания эксперимента
#----------------------
# 06.05.2022
# 14:34:06
#----------------------
# Количество точек в скане 530
