13:29:20         3.39794000867204         2500.0000         -1.4850         262.60
13:29:24         3.29794002877041         1985.8207         -1.3660         262.60
13:29:28         3.19794009555258         1577.3937         -1.3800         262.60
13:29:32         3.09794019718123         1252.9686         -1.3610         262.60
13:29:36         2.99794030947142         995.2686         -1.4990         262.60
13:29:40         2.89794040109701         790.5701         -1.4260         262.60
13:29:44         2.79794048044319         627.9723         -1.5230         262.60
13:29:48         2.69794064943186         498.8163         -1.7000         262.60
13:29:52         2.59794067657697         396.2239         -1.9130         262.60
13:29:56         2.4979407677867         314.7319         -1.6850         262.60
13:29:59         2.3979408834098         250.0005         -1.7690         262.60
13:30:03         2.29794098316926         198.5825         -1.5730         262.60
13:30:07         2.19794101139409         157.7397         -1.3500         262.60
13:30:11         2.09794100637999         125.2971         -1.4770         262.60
13:30:15         1.99794134816669         99.5271         -1.6650         262.60
13:30:19         1.8979408705064         79.0571         -2.0680         262.60
13:30:23         1.79794096059111         62.7973         -1.5350         262.60
13:30:27         1.69794123397439         49.8817         -1.4180         262.60
13:30:31         1.5979407602015         39.6224         -1.0850         262.60
13:30:35         1.49794089938297         31.4732         -0.9810         262.60
13:30:39         1.39794173163867         25.0001         -0.9587         262.60
13:30:43         1.29793988193963         19.8582         -0.8778         262.60
13:30:47         1.19794184111121         15.7740         -0.5092         262.60
13:30:51         1.09794068243622         12.5297         -0.8328         262.60
13:30:55         0.997940898731541         9.9527         -0.7755         262.60
13:30:59         0.897940341373011         7.9057         -0.7297         262.60
13:31:03         0.797938883024152         6.2797         -0.1707         262.60
13:31:07         0.697943874369764         4.9882         -0.1405         262.60
13:31:11         0.597936385571892         3.9622         -0.2605         262.60
13:31:15         0.497938142432874         3.1473         -0.3941         262.60
13:31:18         0.397940008672038         2.5000         -0.1181         262.60
13:31:22         0.29793551244985         1.9858         -0.2954         262.60
13:31:26         0.197941827982788         1.5774         -0.1877         262.60
13:31:30         0.0979510782661857         1.2530         0.2855         262.60
#------------------------------------------------------------------
# Дата окончания эксперимента
#----------------------
# 29.04.2022
# 13:31:35
#----------------------
# Количество точек в скане 637
