13:37:25         3.39794000867204         2500.0000         -2.0100         283.40
13:37:29         3.29794002877041         1985.8207         -2.1340         283.40
13:37:33         3.19794009555258         1577.3937         -2.4020         283.40
13:37:37         3.09794019718123         1252.9686         -2.7490         283.40
13:37:41         2.99794030947142         995.2686         -3.1440         283.40
13:37:45         2.89794040109701         790.5701         -3.5340         283.40
13:37:49         2.79794048044319         627.9723         -3.9780         283.40
13:37:53         2.69794064943186         498.8163         -4.4520         283.40
13:37:57         2.59794067657697         396.2239         -4.8820         283.40
13:38:01         2.4979407677867         314.7319         -5.2180         283.40
13:38:05         2.3979408834098         250.0005         -5.5220         283.40
13:38:09         2.29794098316926         198.5825         -5.6970         283.40
13:38:13         2.19794101139409         157.7397         -5.6700         283.40
13:38:17         2.09794100637999         125.2971         -5.5260         283.40
13:38:21         1.99794134816669         99.5271         -5.2750         283.40
13:38:24         1.8979408705064         79.0571         -4.8540         283.40
13:38:28         1.79794096059111         62.7973         -4.3160         283.40
13:38:32         1.69794123397439         49.8817         -3.7080         283.40
13:38:36         1.5979407602015         39.6224         -3.0310         283.40
13:38:40         1.49794089938297         31.4732         -2.3670         283.40
13:38:44         1.39794173163867         25.0001         -1.8280         283.40
13:38:48         1.29793988193963         19.8582         -1.3500         283.40
13:38:52         1.19794184111121         15.7740         -0.9889         283.40
13:38:56         1.09794068243622         12.5297         -0.6494         283.40
13:39:00         0.997940898731541         9.9527         -0.4683         283.40
13:39:04         0.897940341373011         7.9057         -0.3307         283.40
13:39:08         0.797938883024152         6.2797         -0.1903         283.40
13:39:12         0.697943874369764         4.9882         -0.1271         283.40
13:39:16         0.597936385571892         3.9622         -0.1053         283.50
13:39:20         0.497938142432874         3.1473         -0.0662         283.50
13:39:24         0.397940008672038         2.5000         -0.0385         283.50
13:39:28         0.29793551244985         1.9858         -0.1712         283.40
13:39:32         0.197941827982788         1.5774         -0.1102         283.40
13:39:35         0.0979510782661857         1.2530         -0.0565         283.50
#------------------------------------------------------------------
# Дата окончания эксперимента
#----------------------
# 05.05.2022
# 13:39:40
#----------------------
# Количество точек в скане 1072
