15:30:42         3.39794000867204         2500.0000         -3.7820         303.30
15:30:46         3.29794002877041         1985.8207         -3.9530         303.30
15:30:50         3.19794009555258         1577.3937         -4.2990         303.30
15:30:54         3.09794019718123         1252.9686         -4.6530         303.30
15:30:57         2.99794030947142         995.2686         -4.9570         303.30
15:31:01         2.89794040109701         790.5701         -5.1400         303.30
15:31:05         2.79794048044319         627.9723         -5.1620         303.30
15:31:09         2.69794064943186         498.8163         -5.0280         303.40
15:31:13         2.59794067657697         396.2239         -4.7040         303.30
15:31:17         2.4979407677867         314.7319         -4.2110         303.30
15:31:21         2.3979408834098         250.0005         -3.6370         303.30
15:31:25         2.29794098316926         198.5825         -3.0040         303.30
15:31:29         2.19794101139409         157.7397         -2.3820         303.30
15:31:33         2.09794100637999         125.2971         -1.8050         303.30
15:31:37         1.99794134816669         99.5271         -1.3360         303.30
15:31:41         1.8979408705064         79.0571         -0.9305         303.30
15:31:45         1.79794096059111         62.7973         -0.6290         303.30
15:31:49         1.69794123397439         49.8817         -0.4114         303.30
15:31:53         1.5979407602015         39.6224         -0.2766         303.30
15:31:57         1.49794089938297         31.4732         -0.1321         303.30
15:32:01         1.39794173163867         25.0001         -0.0696         303.30
15:32:05         1.29793988193963         19.8582         -0.1006         303.30
15:32:09         1.19794184111121         15.7740         -0.0577         303.30
15:32:13         1.09794068243622         12.5297         -0.0830         303.30
15:32:17         0.997940898731541         9.9527         -0.0114         303.30
15:32:20         0.897940341373011         7.9057         -0.0859         303.30
15:32:24         0.797938883024152         6.2797         -0.0862         303.30
15:32:28         0.697943874369764         4.9882         -0.0519         303.30
15:32:32         0.597936385571892         3.9622         -0.0273         303.30
15:32:36         0.497938142432874         3.1473         -0.0258         303.30
15:32:40         0.397940008672038         2.5000         -0.0381         303.30
15:32:44         0.29793551244985         1.9858         -0.0554         303.30
15:32:48         0.197941827982788         1.5774         -0.0847         303.30
15:32:52         0.0979510782661857         1.2530         -0.0735         303.30
#------------------------------------------------------------------
# Дата окончания эксперимента
#----------------------
# 06.05.2022
# 15:32:57
#----------------------
# Количество точек в скане 959
