14:38:21         3.39794000867204         2500.0000         -0.7870         262.60
14:38:25         3.29794002877041         1985.8207         -0.7983         262.60
14:38:29         3.19794009555258         1577.3937         -0.7828         262.60
14:38:33         3.09794019718123         1252.9686         -0.8453         262.60
14:38:37         2.99794030947142         995.2686         -1.0670         262.60
14:38:41         2.89794040109701         790.5701         -1.0590         262.60
14:38:45         2.79794048044319         627.9723         -1.1190         262.60
14:38:49         2.69794064943186         498.8163         -1.3790         262.60
14:38:53         2.59794067657697         396.2239         -1.7270         262.60
14:38:57         2.4979407677867         314.7319         -1.7340         262.60
14:39:01         2.3979408834098         250.0005         -1.9070         262.60
14:39:05         2.29794098316926         198.5825         -2.1360         262.60
14:39:09         2.19794101139409         157.7397         -2.3240         262.60
14:39:12         2.09794100637999         125.2971         -2.6640         262.60
14:39:16         1.99794134816669         99.5271         -2.7150         262.60
14:39:20         1.8979408705064         79.0571         -3.0820         262.60
14:39:24         1.79794096059111         62.7973         -3.2640         262.60
14:39:28         1.69794123397439         49.8817         -3.3910         262.60
14:39:32         1.5979407602015         39.6224         -3.4970         262.60
14:39:36         1.49794089938297         31.4732         -3.4790         262.60
14:39:40         1.39794173163867         25.0001         -3.3410         262.60
14:39:44         1.29793988193963         19.8582         -3.1640         262.60
14:39:48         1.19794184111121         15.7740         -3.0470         262.60
14:39:52         1.09794068243622         12.5297         -2.7250         262.60
14:39:56         0.997940898731541         9.9527         -2.4230         262.60
14:40:00         0.897940341373011         7.9057         -1.9400         262.60
14:40:04         0.797938883024152         6.2797         -1.5540         262.60
14:40:08         0.697943874369764         4.9882         -1.2170         262.60
14:40:12         0.597936385571892         3.9622         -0.9489         262.60
14:40:16         0.497938142432874         3.1473         -0.8121         262.60
14:40:20         0.397940008672038         2.5000         -0.5125         262.60
14:40:24         0.29793551244985         1.9858         -0.3430         262.60
14:40:27         0.197941827982788         1.5774         -0.2554         262.60
14:40:31         0.0979510782661857         1.2530         -0.1900         262.60
#------------------------------------------------------------------
# Дата окончания эксперимента
#----------------------
# 29.04.2022
# 14:40:36
#----------------------
# Количество точек в скане 1066
