11:27:54         3.39794000867204         2500.0000         -1.0790         283.00
11:27:58         3.29794002877041         1985.8207         -1.1470         283.00
11:28:02         3.19794009555258         1577.3937         -1.3300         283.00
11:28:06         3.09794019718123         1252.9686         -1.5630         283.00
11:28:10         2.99794030947142         995.2686         -1.8390         283.00
11:28:14         2.89794040109701         790.5701         -2.1410         283.00
11:28:18         2.79794048044319         627.9723         -2.4940         283.00
11:28:22         2.69794064943186         498.8163         -2.8140         283.00
11:28:26         2.59794067657697         396.2239         -3.1430         283.00
11:28:30         2.4979407677867         314.7319         -3.4840         283.00
11:28:34         2.3979408834098         250.0005         -3.7770         283.00
11:28:38         2.29794098316926         198.5825         -4.0330         283.00
11:28:42         2.19794101139409         157.7397         -4.1790         283.00
11:28:46         2.09794100637999         125.2971         -4.2220         283.00
11:28:50         1.99794134816669         99.5271         -4.1220         283.00
11:28:54         1.8979408705064         79.0571         -3.8690         283.00
11:28:58         1.79794096059111         62.7973         -3.5050         283.00
11:29:02         1.69794123397439         49.8817         -3.0460         283.00
11:29:05         1.5979407602015         39.6224         -2.5440         283.00
11:29:09         1.49794089938297         31.4732         -2.0330         283.00
11:29:13         1.39794173163867         25.0001         -1.5610         283.00
11:29:17         1.29793988193963         19.8582         -1.1610         283.00
11:29:21         1.19794184111121         15.7740         -0.8058         283.00
11:29:25         1.09794068243622         12.5297         -0.5724         283.00
11:29:29         0.997940898731541         9.9527         -0.3917         283.00
11:29:33         0.897940341373011         7.9057         -0.2571         283.00
11:29:37         0.797938883024152         6.2797         -0.1620         283.00
11:29:41         0.697943874369764         4.9882         -0.1047         283.00
11:29:45         0.597936385571892         3.9622         -0.0533         283.00
11:29:49         0.497938142432874         3.1473         -0.0661         283.00
11:29:53         0.397940008672038         2.5000         -0.0458         283.00
11:29:57         0.29793551244985         1.9858         -0.0296         283.00
11:30:01         0.197941827982788         1.5774         -0.0534         283.00
11:30:05         0.0979510782661857         1.2530         -0.0706         283.00
#------------------------------------------------------------------
# Дата окончания эксперимента
#----------------------
# 04.05.2022
# 11:30:10
#----------------------
# Количество точек в скане 216
