10:28:31         3.39794000867204         2500.0000         -2.5450         283.40
10:28:35         3.29794002877041         1985.8207         -2.7240         283.40
10:28:39         3.19794009555258         1577.3937         -3.0820         283.40
10:28:43         3.09794019718123         1252.9686         -3.5260         283.40
10:28:47         2.99794030947142         995.2686         -3.9920         283.40
10:28:51         2.89794040109701         790.5701         -4.5450         283.40
10:28:55         2.79794048044319         627.9723         -5.0730         283.40
10:28:59         2.69794064943186         498.8163         -5.5900         283.40
10:29:03         2.59794067657697         396.2239         -6.0770         283.40
10:29:07         2.4979407677867         314.7319         -6.4550         283.40
10:29:11         2.3979408834098         250.0005         -6.7330         283.40
10:29:15         2.29794098316926         198.5825         -6.9270         283.40
10:29:19         2.19794101139409         157.7397         -6.9210         283.40
10:29:23         2.09794100637999         125.2971         -6.7160         283.40
10:29:27         1.99794134816669         99.5271         -6.2770         283.40
10:29:31         1.8979408705064         79.0571         -5.7220         283.40
10:29:35         1.79794096059111         62.7973         -5.0380         283.40
10:29:38         1.69794123397439         49.8817         -4.3020         283.40
10:29:42         1.5979407602015         39.6224         -3.4910         283.40
10:29:46         1.49794089938297         31.4732         -2.7240         283.40
10:29:50         1.39794173163867         25.0001         -2.1150         283.40
10:29:54         1.29793988193963         19.8582         -1.5800         283.40
10:29:58         1.19794184111121         15.7740         -1.1150         283.40
10:30:02         1.09794068243622         12.5297         -0.7645         283.40
10:30:06         0.997940898731541         9.9527         -0.5261         283.40
10:30:10         0.897940341373011         7.9057         -0.3561         283.40
10:30:14         0.797938883024152         6.2797         -0.2817         283.40
10:30:18         0.697943874369764         4.9882         -0.2185         283.40
10:30:22         0.597936385571892         3.9622         -0.1775         283.40
10:30:26         0.497938142432874         3.1473         -0.1115         283.40
10:30:30         0.397940008672038         2.5000         -0.1007         283.40
10:30:34         0.29793551244985         1.9858         -0.1622         283.40
10:30:38         0.197941827982788         1.5774         -0.1225         283.40
10:30:42         0.0979510782661857         1.2530         -0.1021         283.40
#------------------------------------------------------------------
# Дата окончания эксперимента
#----------------------
# 06.05.2022
# 10:30:46
#----------------------
# Количество точек в скане 142
