14:28:16         3.39794000867204         2500.0000         -5.2670         303.40
14:28:20         3.29794002877041         1985.8207         -5.1520         303.40
14:28:24         3.19794009555258         1577.3937         -4.8620         303.40
14:28:28         3.09794019718123         1252.9686         -4.7640         303.40
14:28:32         2.99794030947142         995.2686         -4.4740         303.40
14:28:36         2.89794040109701         790.5701         -4.1060         303.40
14:28:40         2.79794048044319         627.9723         -3.5160         303.40
14:28:44         2.69794064943186         498.8163         -3.0200         303.40
14:28:48         2.59794067657697         396.2239         -2.5140         303.40
14:28:52         2.4979407677867         314.7319         -2.1470         303.40
14:28:56         2.3979408834098         250.0005         -1.9400         303.40
14:29:00         2.29794098316926         198.5825         -1.4630         303.40
14:29:04         2.19794101139409         157.7397         -1.1930         303.40
14:29:08         2.09794100637999         125.2971         -0.8681         303.40
14:29:12         1.99794134816669         99.5271         -0.8406         303.40
14:29:16         1.8979408705064         79.0571         -0.3481         303.40
14:29:20         1.79794096059111         62.7973         -0.1390         303.40
14:29:23         1.69794123397439         49.8817         -0.1707         303.40
14:29:27         1.5979407602015         39.6224         -0.2617         303.40
14:29:31         1.49794089938297         31.4732         -0.1932         303.40
14:29:35         1.39794173163867         25.0001         -0.3339         303.40
14:29:39         1.29793988193963         19.8582         -0.4207         303.40
14:29:43         1.19794184111121         15.7740         -0.2982         303.40
14:29:47         1.09794068243622         12.5297         -0.0603         303.40
14:29:51         0.997940898731541         9.9527         -0.3513         303.40
14:29:55         0.897940341373011         7.9057         -0.2966         303.40
14:29:59         0.797938883024152         6.2797         -0.2872         303.40
14:30:03         0.697943874369764         4.9882         -0.1903         303.40
14:30:07         0.597936385571892         3.9622         -0.4584         303.40
14:30:11         0.497938142432874         3.1473         -0.5063         303.40
14:30:15         0.397940008672038         2.5000         -0.4988         303.40
14:30:19         0.29793551244985         1.9858         -0.0900         303.40
14:30:23         0.197941827982788         1.5774         0.2007         303.40
14:30:27         0.0979510782661857         1.2530         -0.0876         303.40
#------------------------------------------------------------------
# Дата окончания эксперимента
#----------------------
# 11.05.2022
# 14:30:31
#----------------------
# Количество точек в скане 933
