15:49:52         3.39794000867204         2500.0000         -1.5530         283.30
15:49:56         3.29794002877041         1985.8207         -1.6390         283.30
15:50:00         3.19794009555258         1577.3937         -1.8290         283.30
15:50:04         3.09794019718123         1252.9686         -2.0640         283.30
15:50:08         2.99794030947142         995.2686         -2.3320         283.30
15:50:12         2.89794040109701         790.5701         -2.6790         283.30
15:50:16         2.79794048044319         627.9723         -3.0340         283.30
15:50:20         2.69794064943186         498.8163         -3.4060         283.30
15:50:24         2.59794067657697         396.2239         -3.7040         283.30
15:50:28         2.4979407677867         314.7319         -3.9510         283.30
15:50:32         2.3979408834098         250.0005         -4.1650         283.30
15:50:36         2.29794098316926         198.5825         -4.3340         283.30
15:50:40         2.19794101139409         157.7397         -4.3910         283.30
15:50:44         2.09794100637999         125.2971         -4.3600         283.30
15:50:48         1.99794134816669         99.5271         -4.1820         283.30
15:50:52         1.8979408705064         79.0571         -3.7980         283.30
15:50:56         1.79794096059111         62.7973         -3.4030         283.30
15:50:59         1.69794123397439         49.8817         -2.9180         283.30
15:51:03         1.5979407602015         39.6224         -2.3960         283.30
15:51:07         1.49794089938297         31.4732         -1.9070         283.30
15:51:11         1.39794173163867         25.0001         -1.4760         283.30
15:51:15         1.29793988193963         19.8582         -1.0960         283.30
15:51:19         1.19794184111121         15.7740         -0.7848         283.30
15:51:23         1.09794068243622         12.5297         -0.5412         283.30
15:51:27         0.997940898731541         9.9527         -0.3766         283.30
15:51:31         0.897940341373011         7.9057         -0.2527         283.30
15:51:35         0.797938883024152         6.2797         -0.1883         283.30
15:51:39         0.697943874369764         4.9882         -0.1251         283.30
15:51:43         0.597936385571892         3.9622         -0.1190         283.30
15:51:47         0.497938142432874         3.1473         -0.1094         283.30
15:51:51         0.397940008672038         2.5000         -0.1297         283.30
15:51:55         0.29793551244985         1.9858         -0.1230         283.30
15:51:59         0.197941827982788         1.5774         -0.1428         283.30
15:52:03         0.0979510782661857         1.2530         -0.0902         283.30
#------------------------------------------------------------------
# Дата окончания эксперимента
#----------------------
# 04.05.2022
# 15:52:07
#----------------------
# Количество точек в скане 490
