12:40:43         3.39794000867204         2500.0000         -4.9040         303.40
12:40:47         3.29794002877041         1985.8207         -5.0820         303.40
12:40:51         3.19794009555258         1577.3937         -5.3810         303.40
12:40:55         3.09794019718123         1252.9686         -5.6590         303.40
12:40:59         2.99794030947142         995.2686         -5.8530         303.40
12:41:03         2.89794040109701         790.5701         -5.9260         303.40
12:41:07         2.79794048044319         627.9723         -5.8360         303.40
12:41:11         2.69794064943186         498.8163         -5.5510         303.40
12:41:15         2.59794067657697         396.2239         -5.0990         303.40
12:41:19         2.4979407677867         314.7319         -4.4590         303.40
12:41:23         2.3979408834098         250.0005         -3.8110         303.40
12:41:27         2.29794098316926         198.5825         -3.1030         303.40
12:41:31         2.19794101139409         157.7397         -2.4260         303.40
12:41:35         2.09794100637999         125.2971         -1.8710         303.40
12:41:39         1.99794134816669         99.5271         -1.3980         303.40
12:41:43         1.8979408705064         79.0571         -1.0530         303.40
12:41:47         1.79794096059111         62.7973         -0.6982         303.40
12:41:51         1.69794123397439         49.8817         -0.4904         303.40
12:41:54         1.5979407602015         39.6224         -0.3441         303.40
12:41:58         1.49794089938297         31.4732         -0.2327         303.40
12:42:02         1.39794173163867         25.0001         -0.2151         303.40
12:42:06         1.29793988193963         19.8582         -0.1471         303.40
12:42:10         1.19794184111121         15.7740         -0.1003         303.40
12:42:14         1.09794068243622         12.5297         -0.1218         303.40
12:42:18         0.997940898731541         9.9527         -0.1424         303.40
12:42:22         0.897940341373011         7.9057         -0.1076         303.40
12:42:26         0.797938883024152         6.2797         -0.1091         303.40
12:42:30         0.697943874369764         4.9882         -0.0883         303.40
12:42:34         0.597936385571892         3.9622         -0.0826         303.40
12:42:38         0.497938142432874         3.1473         -0.1176         303.40
12:42:42         0.397940008672038         2.5000         -0.0629         303.40
12:42:46         0.29793551244985         1.9858         -0.1363         303.40
12:42:50         0.197941827982788         1.5774         -0.1472         303.40
12:42:54         0.0979510782661857         1.2530         -0.0954         303.40
#------------------------------------------------------------------
# Дата окончания эксперимента
#----------------------
# 11.05.2022
# 12:42:59
#----------------------
# Количество точек в скане 290
