15:36:12         3.39794000867204         2500.0000         -0.5615         263.00
15:36:16         3.29794002877041         1985.8207         -0.6242         262.90
15:36:20         3.19794009555258         1577.3937         -0.6482         262.90
15:36:24         3.09794019718123         1252.9686         -0.7106         262.90
15:36:28         2.99794030947142         995.2686         -0.8000         262.90
15:36:32         2.89794040109701         790.5701         -0.9155         263.00
15:36:36         2.79794048044319         627.9723         -1.0660         263.00
15:36:40         2.69794064943186         498.8163         -1.2430         263.00
15:36:44         2.59794067657697         396.2239         -1.4080         263.00
15:36:47         2.4979407677867         314.7319         -1.6420         263.00
15:36:51         2.3979408834098         250.0005         -1.9340         263.00
15:36:55         2.29794098316926         198.5825         -2.2360         263.00
15:36:59         2.19794101139409         157.7397         -2.5710         263.00
15:37:03         2.09794100637999         125.2971         -2.9530         263.00
15:37:07         1.99794134816669         99.5271         -3.4040         263.00
15:37:11         1.8979408705064         79.0571         -3.7870         263.00
15:37:15         1.79794096059111         62.7973         -4.1930         263.00
15:37:19         1.69794123397439         49.8817         -4.6030         263.00
15:37:23         1.5979407602015         39.6224         -4.9780         263.00
15:37:27         1.49794089938297         31.4732         -5.2380         263.00
15:37:31         1.39794173163867         25.0001         -5.3460         263.00
15:37:35         1.29793988193963         19.8582         -5.3310         263.00
15:37:39         1.19794184111121         15.7740         -5.1260         263.00
15:37:43         1.09794068243622         12.5297         -4.7770         263.00
15:37:47         0.997940898731541         9.9527         -4.3700         263.00
15:37:51         0.897940341373011         7.9057         -3.7850         263.00
15:37:55         0.797938883024152         6.2797         -3.1500         263.00
15:37:59         0.697943874369764         4.9882         -2.5030         263.00
15:38:03         0.597936385571892         3.9622         -1.9610         263.00
15:38:07         0.497938142432874         3.1473         -1.4670         263.00
15:38:11         0.397940008672038         2.5000         -1.0670         263.00
15:38:14         0.29793551244985         1.9858         -0.7660         263.00
15:38:18         0.197941827982788         1.5774         -0.4742         263.00
15:38:22         0.0979510782661857         1.2530         -0.4015         263.00
#------------------------------------------------------------------
# Дата окончания эксперимента
#----------------------
# 28.04.2022
# 15:38:27
#----------------------
# Количество точек в скане 1691
