13:01:26         3.39794000867204         2500.0000         -1.3080         263.00
13:01:30         3.29794002877041         1985.8207         -1.3700         263.00
13:01:34         3.19794009555258         1577.3937         -1.4780         263.00
13:01:38         3.09794019718123         1252.9686         -1.5510         262.90
13:01:42         2.99794030947142         995.2686         -1.7930         263.00
13:01:46         2.89794040109701         790.5701         -2.1150         263.00
13:01:49         2.79794048044319         627.9723         -2.3120         263.00
13:01:53         2.69794064943186         498.8163         -2.4620         263.00
13:01:57         2.59794067657697         396.2239         -2.6050         263.00
13:02:01         2.4979407677867         314.7319         -2.9410         263.00
13:02:05         2.3979408834098         250.0005         -3.2960         263.00
13:02:09         2.29794098316926         198.5825         -3.6770         263.00
13:02:13         2.19794101139409         157.7397         -3.9570         263.00
13:02:17         2.09794100637999         125.2971         -4.2300         263.00
13:02:21         1.99794134816669         99.5271         -4.4920         263.00
13:02:25         1.8979408705064         79.0571         -4.7910         262.90
13:02:29         1.79794096059111         62.7973         -4.8080         263.00
13:02:33         1.69794123397439         49.8817         -4.8480         263.00
13:02:37         1.5979407602015         39.6224         -4.8450         263.00
13:02:41         1.49794089938297         31.4732         -4.6810         263.00
13:02:45         1.39794173163867         25.0001         -4.4360         263.00
13:02:49         1.29793988193963         19.8582         -4.0780         263.00
13:02:53         1.19794184111121         15.7740         -3.6730         263.00
13:02:57         1.09794068243622         12.5297         -3.2930         263.00
13:03:01         0.997940898731541         9.9527         -2.8580         263.00
13:03:05         0.897940341373011         7.9057         -2.4080         263.00
13:03:09         0.797938883024152         6.2797         -1.9440         263.00
13:03:12         0.697943874369764         4.9882         -1.4940         263.00
13:03:16         0.597936385571892         3.9622         -1.2330         263.00
13:03:20         0.497938142432874         3.1473         -1.0110         262.90
13:03:24         0.397940008672038         2.5000         -0.6841         262.90
13:03:28         0.29793551244985         1.9858         -0.5969         262.90
13:03:32         0.197941827982788         1.5774         -0.5069         262.90
13:03:36         0.0979510782661857         1.2530         -0.4507         263.00
#------------------------------------------------------------------
# Дата окончания эксперимента
#----------------------
# 28.04.2022
# 13:03:41
#----------------------
# Количество точек в скане 856
