15:05:36         3.39794000867204         2500.0000         -2.8670         303.30
15:05:40         3.29794002877041         1985.8207         -2.7300         303.30
15:05:44         3.19794009555258         1577.3937         -2.7020         303.30
15:05:48         3.09794019718123         1252.9686         -2.5610         303.30
15:05:52         2.99794030947142         995.2686         -2.3460         303.30
15:05:56         2.89794040109701         790.5701         -2.0790         303.30
15:06:00         2.79794048044319         627.9723         -1.8950         303.30
15:06:04         2.69794064943186         498.8163         -1.6310         303.30
15:06:08         2.59794067657697         396.2239         -1.2750         303.30
15:06:12         2.4979407677867         314.7319         -1.0790         303.30
15:06:16         2.3979408834098         250.0005         -0.9540         303.30
15:06:20         2.29794098316926         198.5825         -0.9973         303.30
15:06:24         2.19794101139409         157.7397         -0.6523         303.30
15:06:27         2.09794100637999         125.2971         -0.3796         303.30
15:06:31         1.99794134816669         99.5271         -0.2962         303.30
15:06:35         1.8979408705064         79.0571         -0.2618         303.30
15:06:39         1.79794096059111         62.7973         -0.2032         303.30
15:06:43         1.69794123397439         49.8817         -0.2899         303.30
15:06:47         1.5979407602015         39.6224         -0.2345         303.30
15:06:51         1.49794089938297         31.4732         -0.2115         303.30
15:06:55         1.39794173163867         25.0001         -0.1805         303.30
15:07:00         1.29793988193963         19.8582         -0.0204         303.30
15:07:04         1.19794184111121         15.7740         -0.3114         303.30
15:07:08         1.09794068243622         12.5297         -0.4663         303.30
15:07:12         0.997940898731541         9.9527         -0.2782         303.30
15:07:16         0.897940341373011         7.9057         -0.2689         303.30
15:07:20         0.797938883024152         6.2797         0.0398         303.30
15:07:24         0.697943874369764         4.9882         0.0446         303.30
15:07:28         0.597936385571892         3.9622         -0.2328         303.30
15:07:32         0.497938142432874         3.1473         -0.2534         303.30
15:07:36         0.397940008672038         2.5000         -0.2290         303.30
15:07:40         0.29793551244985         1.9858         -0.0900         303.30
15:07:44         0.197941827982788         1.5774         -0.0072         303.30
15:07:49         0.0979510782661857         1.2530         -0.0313         303.30
#------------------------------------------------------------------
# Дата окончания эксперимента
#----------------------
# 06.05.2022
# 15:07:54
#----------------------
# Количество точек в скане 819
