13:25:29         3.39794000867204         2500.0000         -4.0250         303.40
13:25:33         3.29794002877041         1985.8207         -4.1520         303.40
13:25:37         3.19794009555258         1577.3937         -4.3860         303.40
13:25:41         3.09794019718123         1252.9686         -4.5510         303.40
13:25:45         2.99794030947142         995.2686         -4.6330         303.40
13:25:49         2.89794040109701         790.5701         -4.6570         303.40
13:25:53         2.79794048044319         627.9723         -4.5030         303.40
13:25:57         2.69794064943186         498.8163         -4.1620         303.40
13:26:01         2.59794067657697         396.2239         -3.7810         303.40
13:26:05         2.4979407677867         314.7319         -3.3090         303.40
13:26:08         2.3979408834098         250.0005         -2.7900         303.40
13:26:12         2.29794098316926         198.5825         -2.2880         303.40
13:26:16         2.19794101139409         157.7397         -1.8060         303.40
13:26:20         2.09794100637999         125.2971         -1.3370         303.40
13:26:24         1.99794134816669         99.5271         -1.0260         303.40
13:26:28         1.8979408705064         79.0571         -0.7062         303.40
13:26:32         1.79794096059111         62.7973         -0.5309         303.40
13:26:36         1.69794123397439         49.8817         -0.3819         303.40
13:26:40         1.5979407602015         39.6224         -0.2266         303.40
13:26:44         1.49794089938297         31.4732         -0.1915         303.40
13:26:48         1.39794173163867         25.0001         -0.1680         303.40
13:26:52         1.29793988193963         19.8582         -0.1260         303.40
13:26:56         1.19794184111121         15.7740         -0.1207         303.40
13:27:00         1.09794068243622         12.5297         -0.0935         303.40
13:27:04         0.997940898731541         9.9527         -0.1155         303.40
13:27:08         0.897940341373011         7.9057         -0.0978         303.40
13:27:12         0.797938883024152         6.2797         -0.0514         303.40
13:27:16         0.697943874369764         4.9882         -0.0633         303.40
13:27:20         0.597936385571892         3.9622         -0.0984         303.40
13:27:24         0.497938142432874         3.1473         -0.1736         303.40
13:27:27         0.397940008672038         2.5000         -0.0969         303.40
13:27:31         0.29793551244985         1.9858         -0.1411         303.40
13:27:35         0.197941827982788         1.5774         -0.1759         303.40
13:27:39         0.0979510782661857         1.2530         -0.1382         303.40
#------------------------------------------------------------------
# Дата окончания эксперимента
#----------------------
# 11.05.2022
# 13:27:44
#----------------------
# Количество точек в скане 618
