10:44:23         3.39794000867204         2500.0000         -1.7650         283.40
10:44:27         3.29794002877041         1985.8207         -1.9130         283.40
10:44:31         3.19794009555258         1577.3937         -2.1570         283.40
10:44:35         3.09794019718123         1252.9686         -2.4990         283.40
10:44:39         2.99794030947142         995.2686         -2.8610         283.40
10:44:43         2.89794040109701         790.5701         -3.2550         283.40
10:44:47         2.79794048044319         627.9723         -3.6720         283.40
10:44:51         2.69794064943186         498.8163         -4.0830         283.40
10:44:55         2.59794067657697         396.2239         -4.4960         283.40
10:44:59         2.4979407677867         314.7319         -4.8570         283.40
10:45:03         2.3979408834098         250.0005         -5.1250         283.40
10:45:07         2.29794098316926         198.5825         -5.3090         283.40
10:45:11         2.19794101139409         157.7397         -5.3680         283.40
10:45:15         2.09794100637999         125.2971         -5.2750         283.40
10:45:19         1.99794134816669         99.5271         -5.0120         283.40
10:45:23         1.8979408705064         79.0571         -4.6190         283.40
10:45:27         1.79794096059111         62.7973         -4.1130         283.40
10:45:31         1.69794123397439         49.8817         -3.5080         283.40
10:45:35         1.5979407602015         39.6224         -2.8590         283.40
10:45:39         1.49794089938297         31.4732         -2.2440         283.40
10:45:42         1.39794173163867         25.0001         -1.7040         283.40
10:45:46         1.29793988193963         19.8582         -1.2380         283.40
10:45:50         1.19794184111121         15.7740         -0.8607         283.40
10:45:54         1.09794068243622         12.5297         -0.5827         283.40
10:45:58         0.997940898731541         9.9527         -0.3476         283.40
10:46:02         0.897940341373011         7.9057         -0.2324         283.40
10:46:06         0.797938883024152         6.2797         -0.1680         283.40
10:46:10         0.697943874369764         4.9882         -0.1199         283.40
10:46:14         0.597936385571892         3.9622         -0.0870         283.40
10:46:18         0.497938142432874         3.1473         -0.0676         283.40
10:46:22         0.397940008672038         2.5000         -0.0792         283.40
10:46:26         0.29793551244985         1.9858         -0.0372         283.40
10:46:30         0.197941827982788         1.5774         -0.0626         283.40
10:46:34         0.0979510782661857         1.2530         -0.0204         283.40
#------------------------------------------------------------------
# Дата окончания эксперимента
#----------------------
# 06.05.2022
# 10:46:39
#----------------------
# Количество точек в скане 237
