15:20:57         3.39794000867204         2500.0000         -0.5968         262.90
15:21:01         3.29794002877041         1985.8207         -0.6126         262.90
15:21:05         3.19794009555258         1577.3937         -0.6419         262.90
15:21:09         3.09794019718123         1252.9686         -0.7347         262.90
15:21:13         2.99794030947142         995.2686         -0.8290         262.90
15:21:17         2.89794040109701         790.5701         -0.9923         262.90
15:21:21         2.79794048044319         627.9723         -1.1700         262.90
15:21:25         2.69794064943186         498.8163         -1.3500         262.90
15:21:29         2.59794067657697         396.2239         -1.6210         262.90
15:21:33         2.4979407677867         314.7319         -1.8810         263.00
15:21:37         2.3979408834098         250.0005         -2.1880         263.00
15:21:41         2.29794098316926         198.5825         -2.5140         263.00
15:21:45         2.19794101139409         157.7397         -2.9560         263.00
15:21:49         2.09794100637999         125.2971         -3.3810         262.90
15:21:53         1.99794134816669         99.5271         -3.8740         262.90
15:21:57         1.8979408705064         79.0571         -4.4660         262.90
15:22:01         1.79794096059111         62.7973         -4.9900         262.90
15:22:05         1.69794123397439         49.8817         -5.4880         262.90
15:22:08         1.5979407602015         39.6224         -5.9480         262.90
15:22:12         1.49794089938297         31.4732         -6.3520         262.90
15:22:16         1.39794173163867         25.0001         -6.5800         262.90
15:22:20         1.29793988193963         19.8582         -6.6950         262.90
15:22:24         1.19794184111121         15.7740         -6.5480         262.90
15:22:28         1.09794068243622         12.5297         -6.1900         262.90
15:22:32         0.997940898731541         9.9527         -5.6810         263.00
15:22:36         0.897940341373011         7.9057         -4.9410         263.00
15:22:40         0.797938883024152         6.2797         -4.1570         263.00
15:22:44         0.697943874369764         4.9882         -3.3600         263.00
15:22:48         0.597936385571892         3.9622         -2.6360         263.00
15:22:52         0.497938142432874         3.1473         -1.9510         263.00
15:22:56         0.397940008672038         2.5000         -1.3950         263.00
15:23:00         0.29793551244985         1.9858         -1.0290         263.00
15:23:04         0.197941827982788         1.5774         -0.7530         263.00
15:23:08         0.0979510782661857         1.2530         -0.4953         263.00
#------------------------------------------------------------------
# Дата окончания эксперимента
#----------------------
# 28.04.2022
# 15:23:13
#----------------------
# Количество точек в скане 1586
