12:24:30         3.39794000867204         2500.0000         -4.8350         303.40
12:24:34         3.29794002877041         1985.8207         -5.1000         303.40
12:24:38         3.19794009555258         1577.3937         -5.5750         303.40
12:24:42         3.09794019718123         1252.9686         -6.0820         303.40
12:24:46         2.99794030947142         995.2686         -6.5140         303.40
12:24:50         2.89794040109701         790.5701         -6.8160         303.40
12:24:54         2.79794048044319         627.9723         -6.9200         303.40
12:24:58         2.69794064943186         498.8163         -6.7950         303.40
12:25:02         2.59794067657697         396.2239         -6.3950         303.40
12:25:05         2.4979407677867         314.7319         -5.7660         303.40
12:25:09         2.3979408834098         250.0005         -4.9890         303.40
12:25:13         2.29794098316926         198.5825         -4.1280         303.40
12:25:17         2.19794101139409         157.7397         -3.2670         303.40
12:25:21         2.09794100637999         125.2971         -2.4630         303.40
12:25:25         1.99794134816669         99.5271         -1.7980         303.40
12:25:29         1.8979408705064         79.0571         -1.2800         303.40
12:25:33         1.79794096059111         62.7973         -0.8725         303.40
12:25:37         1.69794123397439         49.8817         -0.5516         303.40
12:25:41         1.5979407602015         39.6224         -0.3398         303.40
12:25:45         1.49794089938297         31.4732         -0.2025         303.40
12:25:49         1.39794173163867         25.0001         -0.1314         303.40
12:25:53         1.29793988193963         19.8582         -0.0972         303.40
12:25:57         1.19794184111121         15.7740         -0.0603         303.40
12:26:01         1.09794068243622         12.5297         -0.0497         303.40
12:26:05         0.997940898731541         9.9527         -0.0546         303.40
12:26:09         0.897940341373011         7.9057         -0.0389         303.40
12:26:13         0.797938883024152         6.2797         -0.0423         303.40
12:26:17         0.697943874369764         4.9882         -0.0494         303.40
12:26:21         0.597936385571892         3.9622         -0.0635         303.40
12:26:25         0.497938142432874         3.1473         -0.0356         303.40
12:26:28         0.397940008672038         2.5000         -0.0223         303.40
12:26:32         0.29793551244985         1.9858         -0.0369         303.40
12:26:36         0.197941827982788         1.5774         -0.0607         303.40
12:26:40         0.0979510782661857         1.2530         -0.0597         303.40
#------------------------------------------------------------------
# Дата окончания эксперимента
#----------------------
# 11.05.2022
# 12:26:45
#----------------------
# Количество точек в скане 150
