13:22:37         3.39794000867204         2500.0000         -0.8966         262.60
13:22:41         3.29794002877041         1985.8207         -0.8716         262.60
13:22:45         3.19794009555258         1577.3937         -0.8704         262.60
13:22:49         3.09794019718123         1252.9686         -0.9157         262.60
13:22:53         2.99794030947142         995.2686         -0.9079         262.60
13:22:57         2.89794040109701         790.5701         -1.0820         262.60
13:23:01         2.79794048044319         627.9723         -1.2730         262.60
13:23:05         2.69794064943186         498.8163         -1.0350         262.60
13:23:09         2.59794067657697         396.2239         -1.2750         262.60
13:23:13         2.4979407677867         314.7319         -1.6450         262.60
13:23:17         2.3979408834098         250.0005         -1.8530         262.60
13:23:21         2.29794098316926         198.5825         -2.0610         262.60
13:23:25         2.19794101139409         157.7397         -2.1740         262.60
13:23:29         2.09794100637999         125.2971         -2.3570         262.60
13:23:33         1.99794134816669         99.5271         -2.3940         262.60
13:23:37         1.8979408705064         79.0571         -2.8430         262.60
13:23:41         1.79794096059111         62.7973         -2.7940         262.60
13:23:45         1.69794123397439         49.8817         -2.8950         262.60
13:23:49         1.5979407602015         39.6224         -2.8760         262.60
13:23:53         1.49794089938297         31.4732         -2.7780         262.60
13:23:57         1.39794173163867         25.0001         -2.6650         262.60
13:24:01         1.29793988193963         19.8582         -2.5220         262.60
13:24:04         1.19794184111121         15.7740         -2.2650         262.60
13:24:08         1.09794068243622         12.5297         -2.0750         262.60
13:24:12         0.997940898731541         9.9527         -1.7890         262.60
13:24:16         0.897940341373011         7.9057         -1.4520         262.60
13:24:20         0.797938883024152         6.2797         -1.0600         262.60
13:24:24         0.697943874369764         4.9882         -0.7716         262.60
13:24:28         0.597936385571892         3.9622         -0.6197         262.60
13:24:32         0.497938142432874         3.1473         -0.5144         262.60
13:24:36         0.397940008672038         2.5000         -0.3862         262.60
13:24:40         0.29793551244985         1.9858         -0.3224         262.60
13:24:44         0.197941827982788         1.5774         -0.3496         262.60
13:24:48         0.0979510782661857         1.2530         -0.2243         262.60
#------------------------------------------------------------------
# Дата окончания эксперимента
#----------------------
# 29.04.2022
# 13:24:53
#----------------------
# Количество точек в скане 602
