13:56:06         3.39794000867204         2500.0000         -0.9746         262.60
13:56:10         3.29794002877041         1985.8207         -1.0410         262.60
13:56:14         3.19794009555258         1577.3937         -1.0620         262.60
13:56:18         3.09794019718123         1252.9686         -1.0950         262.60
13:56:22         2.99794030947142         995.2686         -1.1490         262.60
13:56:26         2.89794040109701         790.5701         -1.2320         262.60
13:56:30         2.79794048044319         627.9723         -1.4780         262.60
13:56:34         2.69794064943186         498.8163         -1.5880         262.60
13:56:38         2.59794067657697         396.2239         -1.9800         262.60
13:56:42         2.4979407677867         314.7319         -2.2380         262.60
13:56:46         2.3979408834098         250.0005         -2.5500         262.60
13:56:50         2.29794098316926         198.5825         -2.8070         262.60
13:56:54         2.19794101139409         157.7397         -3.1570         262.60
13:56:58         2.09794100637999         125.2971         -3.5620         262.60
13:57:02         1.99794134816669         99.5271         -3.7050         262.60
13:57:06         1.8979408705064         79.0571         -3.8950         262.60
13:57:10         1.79794096059111         62.7973         -4.3230         262.60
13:57:13         1.69794123397439         49.8817         -4.6820         262.60
13:57:17         1.5979407602015         39.6224         -4.8480         262.60
13:57:21         1.49794089938297         31.4732         -4.9460         262.60
13:57:25         1.39794173163867         25.0001         -4.8540         262.60
13:57:29         1.29793988193963         19.8582         -4.6910         262.60
13:57:33         1.19794184111121         15.7740         -4.4220         262.60
13:57:37         1.09794068243622         12.5297         -4.0980         262.60
13:57:41         0.997940898731541         9.9527         -3.5370         262.60
13:57:45         0.897940341373011         7.9057         -3.0530         262.60
13:57:49         0.797938883024152         6.2797         -2.3920         262.60
13:57:53         0.697943874369764         4.9882         -1.8500         262.60
13:57:57         0.597936385571892         3.9622         -1.4280         262.60
13:58:01         0.497938142432874         3.1473         -0.9457         262.60
13:58:05         0.397940008672038         2.5000         -0.5806         262.60
13:58:09         0.29793551244985         1.9858         -0.3687         262.60
13:58:13         0.197941827982788         1.5774         -0.3247         262.60
13:58:17         0.0979510782661857         1.2530         -0.2826         262.60
#------------------------------------------------------------------
# Дата окончания эксперимента
#----------------------
# 29.04.2022
# 13:58:22
#----------------------
# Количество точек в скане 777
