14:08:42         3.39794000867204         2500.0000         -2.4190         262.90
14:08:46         3.29794002877041         1985.8207         -2.3780         262.90
14:08:50         3.19794009555258         1577.3937         -2.6430         262.90
14:08:54         3.09794019718123         1252.9686         -3.0340         262.90
14:08:58         2.99794030947142         995.2686         -3.0860         262.90
14:09:01         2.89794040109701         790.5701         -3.0350         262.90
14:09:05         2.79794048044319         627.9723         -3.5500         262.90
14:09:09         2.69794064943186         498.8163         -4.0780         262.90
14:09:13         2.59794067657697         396.2239         -4.1310         262.90
14:09:17         2.4979407677867         314.7319         -4.5990         262.90
14:09:21         2.3979408834098         250.0005         -5.0500         262.90
14:09:25         2.29794098316926         198.5825         -5.2660         262.90
14:09:29         2.19794101139409         157.7397         -5.4500         262.90
14:09:33         2.09794100637999         125.2971         -5.7350         262.90
14:09:37         1.99794134816669         99.5271         -5.8550         262.90
14:09:41         1.8979408705064         79.0571         -6.3210         262.90
14:09:45         1.79794096059111         62.7973         -6.2680         262.90
14:09:49         1.69794123397439         49.8817         -6.2720         262.90
14:09:53         1.5979407602015         39.6224         -5.8610         262.90
14:09:57         1.49794089938297         31.4732         -5.5580         262.90
14:10:01         1.39794173163867         25.0001         -5.2020         262.90
14:10:05         1.29793988193963         19.8582         -4.8390         262.90
14:10:09         1.19794184111121         15.7740         -4.6710         262.90
14:10:13         1.09794068243622         12.5297         -4.1180         262.90
14:10:17         0.997940898731541         9.9527         -3.3540         262.90
14:10:21         0.897940341373011         7.9057         -2.8670         262.90
14:10:24         0.797938883024152         6.2797         -2.2960         262.90
14:10:28         0.697943874369764         4.9882         -2.0380         262.90
14:10:32         0.597936385571892         3.9622         -1.5980         262.90
14:10:36         0.497938142432874         3.1473         -1.3080         262.90
14:10:40         0.397940008672038         2.5000         -0.8629         262.90
14:10:44         0.29793551244985         1.9858         -0.6406         262.90
14:10:48         0.197941827982788         1.5774         -1.2210         262.90
14:10:52         0.0979510782661857         1.2530         -1.4990         262.90
#------------------------------------------------------------------
# Дата окончания эксперимента
#----------------------
# 28.04.2022
# 14:10:57
#----------------------
# Количество точек в скане 1236
