12:34:03         3.39794000867204         2500.0000         -0.3181         263.00
12:34:07         3.29794002877041         1985.8207         -0.3688         263.00
12:34:11         3.19794009555258         1577.3937         -0.4016         263.00
12:34:15         3.09794019718123         1252.9686         -0.4610         263.00
12:34:19         2.99794030947142         995.2686         -0.5342         263.00
12:34:23         2.89794040109701         790.5701         -0.6212         263.00
12:34:27         2.79794048044319         627.9723         -0.7350         263.00
12:34:31         2.69794064943186         498.8163         -0.8798         263.00
12:34:35         2.59794067657697         396.2239         -1.0300         263.00
12:34:39         2.4979407677867         314.7319         -1.2210         263.00
12:34:43         2.3979408834098         250.0005         -1.4560         263.00
12:34:47         2.29794098316926         198.5825         -1.7140         263.00
12:34:51         2.19794101139409         157.7397         -1.9930         263.00
12:34:55         2.09794100637999         125.2971         -2.3230         263.00
12:34:59         1.99794134816669         99.5271         -2.7110         263.00
12:35:03         1.8979408705064         79.0571         -3.1170         263.00
12:35:06         1.79794096059111         62.7973         -3.5070         263.00
12:35:10         1.69794123397439         49.8817         -3.9090         263.00
12:35:14         1.5979407602015         39.6224         -4.2690         263.00
12:35:18         1.49794089938297         31.4732         -4.5490         263.00
12:35:22         1.39794173163867         25.0001         -4.7410         263.00
12:35:26         1.29793988193963         19.8582         -4.8220         263.00
12:35:30         1.19794184111121         15.7740         -4.7510         263.00
12:35:34         1.09794068243622         12.5297         -4.5250         263.00
12:35:38         0.997940898731541         9.9527         -4.1310         263.00
12:35:42         0.897940341373011         7.9057         -3.5920         263.00
12:35:46         0.797938883024152         6.2797         -3.0080         263.00
12:35:50         0.697943874369764         4.9882         -2.3850         263.00
12:35:54         0.597936385571892         3.9622         -1.8440         263.00
12:35:58         0.497938142432874         3.1473         -1.3550         263.00
12:36:02         0.397940008672038         2.5000         -1.0030         263.00
12:36:06         0.29793551244985         1.9858         -0.6898         263.00
12:36:10         0.197941827982788         1.5774         -0.4347         263.00
12:36:14         0.0979510782661857         1.2530         -0.3120         263.00
#------------------------------------------------------------------
# Дата окончания эксперимента
#----------------------
# 28.04.2022
# 12:36:18
#----------------------
# Количество точек в скане 654
