13:12:19         3.39794000867204         2500.0000         -0.5424         262.60
13:12:23         3.29794002877041         1985.8207         -0.5582         262.60
13:12:27         3.19794009555258         1577.3937         -0.6186         262.60
13:12:31         3.09794019718123         1252.9686         -0.7132         262.60
13:12:35         2.99794030947142         995.2686         -0.8095         262.60
13:12:39         2.89794040109701         790.5701         -0.9134         262.60
13:12:43         2.79794048044319         627.9723         -1.0570         262.60
13:12:47         2.69794064943186         498.8163         -1.1470         262.60
13:12:51         2.59794067657697         396.2239         -1.3920         262.60
13:12:55         2.4979407677867         314.7319         -1.5700         262.60
13:12:59         2.3979408834098         250.0005         -1.7850         262.60
13:13:03         2.29794098316926         198.5825         -2.0940         262.60
13:13:07         2.19794101139409         157.7397         -2.3640         262.60
13:13:11         2.09794100637999         125.2971         -2.7010         262.60
13:13:15         1.99794134816669         99.5271         -2.9700         262.60
13:13:19         1.8979408705064         79.0571         -3.3790         262.60
13:13:22         1.79794096059111         62.7973         -3.6720         262.60
13:13:26         1.69794123397439         49.8817         -3.9730         262.60
13:13:30         1.5979407602015         39.6224         -4.2210         262.60
13:13:34         1.49794089938297         31.4732         -4.3450         262.60
13:13:38         1.39794173163867         25.0001         -4.3980         262.60
13:13:42         1.29793988193963         19.8582         -4.3150         262.60
13:13:46         1.19794184111121         15.7740         -4.1480         262.60
13:13:50         1.09794068243622         12.5297         -3.8740         262.60
13:13:54         0.997940898731541         9.9527         -3.4710         262.60
13:13:58         0.897940341373011         7.9057         -2.9640         262.60
13:14:02         0.797938883024152         6.2797         -2.4800         262.60
13:14:06         0.697943874369764         4.9882         -1.9620         262.60
13:14:10         0.597936385571892         3.9622         -1.5170         262.60
13:14:14         0.497938142432874         3.1473         -1.1500         262.60
13:14:18         0.397940008672038         2.5000         -0.8191         262.60
13:14:22         0.29793551244985         1.9858         -0.5522         262.60
13:14:26         0.197941827982788         1.5774         -0.3477         262.60
13:14:30         0.0979510782661857         1.2530         -0.2394         262.60
#------------------------------------------------------------------
# Дата окончания эксперимента
#----------------------
# 29.04.2022
# 13:14:34
#----------------------
# Количество точек в скане 531
