12:44:41         3.39794000867204         2500.0000         -3.4790         303.40
12:44:45         3.29794002877041         1985.8207         -3.5700         303.40
12:44:49         3.19794009555258         1577.3937         -3.7480         303.40
12:44:53         3.09794019718123         1252.9686         -3.8830         303.40
12:44:57         2.99794030947142         995.2686         -3.9970         303.40
12:45:01         2.89794040109701         790.5701         -3.9300         303.40
12:45:05         2.79794048044319         627.9723         -3.7870         303.40
12:45:09         2.69794064943186         498.8163         -3.5090         303.40
12:45:13         2.59794067657697         396.2239         -3.1740         303.40
12:45:17         2.4979407677867         314.7319         -2.7990         303.40
12:45:21         2.3979408834098         250.0005         -2.3590         303.40
12:45:25         2.29794098316926         198.5825         -1.8880         303.40
12:45:29         2.19794101139409         157.7397         -1.4690         303.40
12:45:33         2.09794100637999         125.2971         -1.1060         303.40
12:45:37         1.99794134816669         99.5271         -0.8363         303.40
12:45:41         1.8979408705064         79.0571         -0.6454         303.40
12:45:45         1.79794096059111         62.7973         -0.4372         303.40
12:45:49         1.69794123397439         49.8817         -0.2904         303.40
12:45:52         1.5979407602015         39.6224         -0.1805         303.40
12:45:56         1.49794089938297         31.4732         -0.0989         303.40
12:46:00         1.39794173163867         25.0001         -0.0757         303.40
12:46:04         1.29793988193963         19.8582         -0.1234         303.40
12:46:08         1.19794184111121         15.7740         -0.1447         303.40
12:46:12         1.09794068243622         12.5297         -0.1498         303.40
12:46:16         0.997940898731541         9.9527         -0.0984         303.40
12:46:20         0.897940341373011         7.9057         -0.0523         303.40
12:46:24         0.797938883024152         6.2797         -0.0732         303.40
12:46:28         0.697943874369764         4.9882         -0.1251         303.40
12:46:32         0.597936385571892         3.9622         -0.0693         303.40
12:46:36         0.497938142432874         3.1473         -0.0494         303.40
12:46:40         0.397940008672038         2.5000         -0.0230         303.40
12:46:44         0.29793551244985         1.9858         -0.0789         303.40
12:46:48         0.197941827982788         1.5774         -0.0352         303.40
12:46:52         0.0979510782661857         1.2530         0.0392         303.40
#------------------------------------------------------------------
# Дата окончания эксперимента
#----------------------
# 11.05.2022
# 12:46:57
#----------------------
# Количество точек в скане 325
