14:57:25         3.39794000867204         2500.0000         -1.8620         262.90
14:57:29         3.29794002877041         1985.8207         -2.1690         262.90
14:57:33         3.19794009555258         1577.3937         -2.0540         262.90
14:57:37         3.09794019718123         1252.9686         -2.1090         262.90
14:57:41         2.99794030947142         995.2686         -2.0920         262.90
14:57:45         2.89794040109701         790.5701         -2.3890         262.90
14:57:49         2.79794048044319         627.9723         -2.5680         262.90
14:57:53         2.69794064943186         498.8163         -2.6590         262.90
14:57:57         2.59794067657697         396.2239         -2.6580         262.90
14:58:01         2.4979407677867         314.7319         -2.9620         262.90
14:58:05         2.3979408834098         250.0005         -3.1830         262.90
14:58:09         2.29794098316926         198.5825         -3.4750         262.90
14:58:13         2.19794101139409         157.7397         -3.5780         262.90
14:58:17         2.09794100637999         125.2971         -3.6640         262.90
14:58:20         1.99794134816669         99.5271         -3.7070         262.90
14:58:24         1.8979408705064         79.0571         -3.8810         262.90
14:58:28         1.79794096059111         62.7973         -3.7390         262.90
14:58:32         1.69794123397439         49.8817         -3.5630         262.90
14:58:36         1.5979407602015         39.6224         -3.4420         262.90
14:58:40         1.49794089938297         31.4732         -3.4540         262.90
14:58:44         1.39794173163867         25.0001         -3.2530         262.90
14:58:48         1.29793988193963         19.8582         -3.0410         262.90
14:58:52         1.19794184111121         15.7740         -2.6040         262.90
14:58:56         1.09794068243622         12.5297         -2.4670         262.90
14:59:00         0.997940898731541         9.9527         -2.3380         262.90
14:59:04         0.897940341373011         7.9057         -2.0250         262.90
14:59:08         0.797938883024152         6.2797         -1.7020         262.90
14:59:12         0.697943874369764         4.9882         -1.2580         262.90
14:59:16         0.597936385571892         3.9622         -1.0350         262.90
14:59:20         0.497938142432874         3.1473         -1.0680         262.90
14:59:24         0.397940008672038         2.5000         -1.0820         262.90
14:59:28         0.29793551244985         1.9858         -0.8224         262.90
14:59:31         0.197941827982788         1.5774         -0.8139         262.90
14:59:35         0.0979510782661857         1.2530         -1.2820         262.90
#------------------------------------------------------------------
# Дата окончания эксперимента
#----------------------
# 28.04.2022
# 14:59:40
#----------------------
# Количество точек в скане 1551
