15:39:24         3.39794000867204         2500.0000         -2.0800         283.30
15:39:28         3.29794002877041         1985.8207         -2.2760         283.20
15:39:32         3.19794009555258         1577.3937         -2.6180         283.20
15:39:36         3.09794019718123         1252.9686         -3.0480         283.30
15:39:40         2.99794030947142         995.2686         -3.5740         283.30
15:39:44         2.89794040109701         790.5701         -4.1440         283.20
15:39:48         2.79794048044319         627.9723         -4.7610         283.30
15:39:52         2.69794064943186         498.8163         -5.3990         283.30
15:39:56         2.59794067657697         396.2239         -6.0620         283.30
15:40:00         2.4979407677867         314.7319         -6.6310         283.30
15:40:04         2.3979408834098         250.0005         -7.1750         283.30
15:40:08         2.29794098316926         198.5825         -7.5620         283.30
15:40:12         2.19794101139409         157.7397         -7.7910         283.30
15:40:16         2.09794100637999         125.2971         -7.8340         283.30
15:40:20         1.99794134816669         99.5271         -7.6510         283.30
15:40:24         1.8979408705064         79.0571         -7.2030         283.20
15:40:28         1.79794096059111         62.7973         -6.5330         283.30
15:40:32         1.69794123397439         49.8817         -5.6280         283.30
15:40:36         1.5979407602015         39.6224         -4.6600         283.20
15:40:40         1.49794089938297         31.4732         -3.7410         283.30
15:40:43         1.39794173163867         25.0001         -2.8530         283.30
15:40:47         1.29793988193963         19.8582         -2.0910         283.30
15:40:51         1.19794184111121         15.7740         -1.4810         283.30
15:40:55         1.09794068243622         12.5297         -1.0520         283.30
15:40:59         0.997940898731541         9.9527         -0.7257         283.20
15:41:03         0.897940341373011         7.9057         -0.4489         283.30
15:41:07         0.797938883024152         6.2797         -0.3380         283.30
15:41:11         0.697943874369764         4.9882         -0.2675         283.30
15:41:15         0.597936385571892         3.9622         -0.1840         283.30
15:41:19         0.497938142432874         3.1473         -0.1257         283.30
15:41:23         0.397940008672038         2.5000         -0.0969         283.30
15:41:27         0.29793551244985         1.9858         -0.0801         283.30
15:41:31         0.197941827982788         1.5774         -0.0562         283.30
15:41:35         0.0979510782661857         1.2530         -0.0977         283.30
#------------------------------------------------------------------
# Дата окончания эксперимента
#----------------------
# 04.05.2022
# 15:41:40
#----------------------
# Количество точек в скане 420
