12:29:43         3.39794000867204         2500.0000         -1.1220         283.40
12:29:47         3.29794002877041         1985.8207         -1.2050         283.40
12:29:51         3.19794009555258         1577.3937         -1.3780         283.40
12:29:55         3.09794019718123         1252.9686         -1.6370         283.40
12:29:59         2.99794030947142         995.2686         -1.9320         283.40
12:30:03         2.89794040109701         790.5701         -2.2110         283.40
12:30:07         2.79794048044319         627.9723         -2.5320         283.40
12:30:11         2.69794064943186         498.8163         -2.8670         283.40
12:30:15         2.59794067657697         396.2239         -3.1810         283.40
12:30:19         2.4979407677867         314.7319         -3.5120         283.40
12:30:22         2.3979408834098         250.0005         -3.7920         283.40
12:30:26         2.29794098316926         198.5825         -3.9830         283.40
12:30:30         2.19794101139409         157.7397         -4.1070         283.40
12:30:34         2.09794100637999         125.2971         -4.1130         283.40
12:30:38         1.99794134816669         99.5271         -3.9900         283.40
12:30:42         1.8979408705064         79.0571         -3.7490         283.40
12:30:46         1.79794096059111         62.7973         -3.3710         283.40
12:30:50         1.69794123397439         49.8817         -2.9130         283.40
12:30:54         1.5979407602015         39.6224         -2.4260         283.40
12:30:58         1.49794089938297         31.4732         -1.9170         283.40
12:31:02         1.39794173163867         25.0001         -1.4590         283.40
12:31:06         1.29793988193963         19.8582         -1.0630         283.40
12:31:10         1.19794184111121         15.7740         -0.7704         283.40
12:31:14         1.09794068243622         12.5297         -0.5237         283.40
12:31:18         0.997940898731541         9.9527         -0.3432         283.40
12:31:22         0.897940341373011         7.9057         -0.2228         283.40
12:31:26         0.797938883024152         6.2797         -0.1671         283.40
12:31:30         0.697943874369764         4.9882         -0.1283         283.40
12:31:34         0.597936385571892         3.9622         -0.0876         283.40
12:31:37         0.497938142432874         3.1473         -0.0618         283.40
12:31:41         0.397940008672038         2.5000         -0.0789         283.40
12:31:46         0.29793551244985         1.9858         0.0136         283.40
12:31:50         0.197941827982788         1.5774         0.0288         283.40
12:31:54         0.0979510782661857         1.2530         -0.0317         283.40
#------------------------------------------------------------------
# Дата окончания эксперимента
#----------------------
# 05.05.2022
# 12:31:59
#----------------------
# Количество точек в скане 522
