12:09:30         3.39794000867204         2500.0000         -0.6082         262.60
12:09:34         3.29794002877041         1985.8207         -0.6786         262.60
12:09:38         3.19794009555258         1577.3937         -0.7809         262.60
12:09:42         3.09794019718123         1252.9686         -0.8899         262.60
12:09:46         2.99794030947142         995.2686         -0.9698         262.60
12:09:50         2.89794040109701         790.5701         -1.0810         262.60
12:09:54         2.79794048044319         627.9723         -1.2410         262.60
12:09:58         2.69794064943186         498.8163         -1.4610         262.60
12:10:02         2.59794067657697         396.2239         -1.6510         262.60
12:10:05         2.4979407677867         314.7319         -1.9740         262.60
12:10:09         2.3979408834098         250.0005         -2.3140         262.60
12:10:13         2.29794098316926         198.5825         -2.6830         262.60
12:10:17         2.19794101139409         157.7397         -3.0640         262.60
12:10:21         2.09794100637999         125.2971         -3.5270         262.60
12:10:25         1.99794134816669         99.5271         -4.0400         262.60
12:10:29         1.8979408705064         79.0571         -4.6850         262.60
12:10:33         1.79794096059111         62.7973         -5.0330         262.60
12:10:37         1.69794123397439         49.8817         -5.4660         262.60
12:10:41         1.5979407602015         39.6224         -5.8850         262.60
12:10:45         1.49794089938297         31.4732         -6.2040         262.60
12:10:49         1.39794173163867         25.0001         -6.3740         262.60
12:10:53         1.29793988193963         19.8582         -6.3670         262.60
12:10:57         1.19794184111121         15.7740         -6.1450         262.60
12:11:01         1.09794068243622         12.5297         -5.7580         262.60
12:11:05         0.997940898731541         9.9527         -5.2150         262.60
12:11:09         0.897940341373011         7.9057         -4.5710         262.60
12:11:13         0.797938883024152         6.2797         -3.7700         262.60
12:11:17         0.697943874369764         4.9882         -2.9890         262.60
12:11:21         0.597936385571892         3.9622         -2.2750         262.60
12:11:25         0.497938142432874         3.1473         -1.7230         262.60
12:11:28         0.397940008672038         2.5000         -1.1970         262.60
12:11:32         0.29793551244985         1.9858         -0.9122         262.60
12:11:36         0.197941827982788         1.5774         -0.6857         262.60
12:11:40         0.0979510782661857         1.2530         -0.4036         262.60
#------------------------------------------------------------------
# Дата окончания эксперимента
#----------------------
# 29.04.2022
# 12:11:45
#----------------------
# Количество точек в скане 251
