15:57:21         3.39794000867204         2500.0000         -1.7170         262.90
15:57:25         3.29794002877041         1985.8207         -1.8910         262.90
15:57:29         3.19794009555258         1577.3937         -1.9350         262.90
15:57:33         3.09794019718123         1252.9686         -1.9520         263.00
15:57:37         2.99794030947142         995.2686         -1.8900         263.00
15:57:41         2.89794040109701         790.5701         -2.0640         262.90
15:57:45         2.79794048044319         627.9723         -2.2740         262.90
15:57:49         2.69794064943186         498.8163         -2.2680         262.90
15:57:53         2.59794067657697         396.2239         -2.1510         262.90
15:57:56         2.4979407677867         314.7319         -2.1000         262.90
15:58:00         2.3979408834098         250.0005         -2.2300         262.90
15:58:04         2.29794098316926         198.5825         -2.4860         262.90
15:58:08         2.19794101139409         157.7397         -2.5270         262.90
15:58:12         2.09794100637999         125.2971         -2.4000         262.90
15:58:16         1.99794134816669         99.5271         -2.4310         262.90
15:58:20         1.8979408705064         79.0571         -2.2730         262.90
15:58:24         1.79794096059111         62.7973         -2.5630         262.90
15:58:28         1.69794123397439         49.8817         -2.5340         262.90
15:58:32         1.5979407602015         39.6224         -2.2620         262.90
15:58:36         1.49794089938297         31.4732         -2.2430         262.90
15:58:40         1.39794173163867         25.0001         -2.0230         262.90
15:58:44         1.29793988193963         19.8582         -2.1510         262.90
15:58:48         1.19794184111121         15.7740         -2.3080         262.90
15:58:52         1.09794068243622         12.5297         -2.0160         262.90
15:58:56         0.997940898731541         9.9527         -1.6500         262.90
15:59:00         0.897940341373011         7.9057         -1.1790         262.90
15:59:04         0.797938883024152         6.2797         -0.9969         262.90
15:59:08         0.697943874369764         4.9882         -0.9846         262.90
15:59:12         0.597936385571892         3.9622         -0.6296         262.90
15:59:16         0.497938142432874         3.1473         -0.5821         262.90
15:59:19         0.397940008672038         2.5000         -0.6259         262.90
15:59:23         0.29793551244985         1.9858         -0.6006         262.90
15:59:27         0.197941827982788         1.5774         -0.8226         262.90
15:59:31         0.0979510782661857         1.2530         -1.1350         262.90
#------------------------------------------------------------------
# Дата окончания эксперимента
#----------------------
# 28.04.2022
# 15:59:36
#----------------------
# Количество точек в скане 1831
