10:43:22         3.30102999566398         2000.0000         -4.5360         303.20
10:43:26         3.2010300024141         1588.6565         -4.5690         303.20
10:43:30         3.10103011615342         1261.9150         -4.6530         303.20
10:43:34         3.0010301735954         1002.3749         -4.7000         303.20
10:43:38         2.90103030312168         796.2149         -4.6160         303.20
10:43:43         2.80103039647127         632.4561         -4.3930         303.20
10:43:47         2.70103052547502         502.3779         -4.0970         303.20
10:43:51         2.60103058992606         399.0530         -3.6850         303.20
10:43:54         2.50103062175664         316.9791         -3.2260         303.20
10:43:58         2.40103072845939         251.7855         -2.6940         303.20
10:44:02         2.30103085714815         200.0004         -2.1540         303.20
10:44:06         2.20103095347593         158.8660         -1.6730         303.20
10:44:10         2.10103114542462         126.1918         -1.2560         303.20
10:44:14         2.00103109914944         100.2377         -0.8972         303.20
10:44:18         1.90103088572348         79.6216         -0.6778         303.20
10:44:22         1.80103100942761         63.2457         -0.4836         303.20
10:44:26         1.70103147521753         50.2379         -0.3256         303.20
10:44:30         1.6010305816229         39.9053         -0.2264         303.20
10:44:34         1.50103050154635         31.6979         -0.2016         303.20
10:44:38         1.40103158383445         25.1786         -0.1712         303.20
10:44:42         1.30102999566398         20.0000         -0.0885         303.20
10:44:46         1.20103094826178         15.8866         -0.0528         303.20
10:44:50         1.10103181497473         12.6192         -0.0764         303.20
10:44:54         1.00103238831071         10.0238         -0.1230         303.20
10:44:58         0.901033091280384         7.9622         -0.0711         303.20
10:45:02         0.801033078803748         6.3246         -0.1210         303.20
10:45:06         0.701032332622174         5.0238         -0.1599         303.20
10:45:10         0.601027312238355         3.9905         -0.1428         303.20
10:45:14         0.501031866976549         3.1698         -0.1649         303.20
10:45:17         0.401038476122047         2.5179         -0.1753         303.20
10:45:21         0.301029995663981         2.0000         -0.0800         303.20
10:45:25         0.201041910871892         1.5887         -0.1558         303.20
10:45:29         0.101024922497756         1.2619         -0.2017         303.20
10:45:33         0.00104107558772532         1.0024         -0.0851         303.20
#------------------------------------------------------------------
# Дата окончания эксперимента
#----------------------
# 12.05.2022
# 10:45:38
#----------------------
# Количество точек в скане 175
