14:19:35         3.39794000867204         2500.0000         -4.7660         303.40
14:19:39         3.29794002877041         1985.8207         -4.9120         303.40
14:19:43         3.19794009555258         1577.3937         -5.1860         303.40
14:19:47         3.09794019718123         1252.9686         -5.4450         303.40
14:19:51         2.99794030947142         995.2686         -5.6120         303.40
14:19:54         2.89794040109701         790.5701         -5.5990         303.40
14:19:58         2.79794048044319         627.9723         -5.4420         303.40
14:20:02         2.69794064943186         498.8163         -5.1180         303.40
14:20:06         2.59794067657697         396.2239         -4.6680         303.40
14:20:10         2.4979407677867         314.7319         -4.0740         303.40
14:20:14         2.3979408834098         250.0005         -3.4320         303.40
14:20:18         2.29794098316926         198.5825         -2.8010         303.40
14:20:22         2.19794101139409         157.7397         -2.1530         303.40
14:20:26         2.09794100637999         125.2971         -1.6300         303.40
14:20:30         1.99794134816669         99.5271         -1.2400         303.40
14:20:34         1.8979408705064         79.0571         -0.9334         303.40
14:20:38         1.79794096059111         62.7973         -0.6418         303.40
14:20:42         1.69794123397439         49.8817         -0.4178         303.40
14:20:46         1.5979407602015         39.6224         -0.2646         303.40
14:20:50         1.49794089938297         31.4732         -0.1440         303.40
14:20:54         1.39794173163867         25.0001         -0.1254         303.40
14:20:58         1.29793988193963         19.8582         -0.1036         303.40
14:21:02         1.19794184111121         15.7740         -0.1057         303.40
14:21:06         1.09794068243622         12.5297         -0.1608         303.40
14:21:10         0.997940898731541         9.9527         -0.1215         303.40
14:21:14         0.897940341373011         7.9057         -0.1044         303.40
14:21:17         0.797938883024152         6.2797         -0.1007         303.40
14:21:21         0.697943874369764         4.9882         -0.1105         303.40
14:21:25         0.597936385571892         3.9622         -0.0934         303.40
14:21:29         0.497938142432874         3.1473         -0.1430         303.40
14:21:33         0.397940008672038         2.5000         -0.1587         303.40
14:21:37         0.29793551244985         1.9858         -0.1454         303.40
14:21:41         0.197941827982788         1.5774         -0.0467         303.40
14:21:45         0.0979510782661857         1.2530         -0.1276         303.40
#------------------------------------------------------------------
# Дата окончания эксперимента
#----------------------
# 11.05.2022
# 14:21:50
#----------------------
# Количество точек в скане 863
