14:39:59         3.39794000867204         2500.0000         -3.3740         303.30
14:40:03         3.29794002877041         1985.8207         -3.5300         303.30
14:40:07         3.19794009555258         1577.3937         -3.8300         303.30
14:40:11         3.09794019718123         1252.9686         -4.1400         303.30
14:40:15         2.99794030947142         995.2686         -4.3710         303.30
14:40:19         2.89794040109701         790.5701         -4.5080         303.30
14:40:23         2.79794048044319         627.9723         -4.5340         303.30
14:40:26         2.69794064943186         498.8163         -4.3750         303.30
14:40:30         2.59794067657697         396.2239         -4.1020         303.30
14:40:34         2.4979407677867         314.7319         -3.6860         303.30
14:40:38         2.3979408834098         250.0005         -3.1810         303.30
14:40:42         2.29794098316926         198.5825         -2.6480         303.30
14:40:46         2.19794101139409         157.7397         -2.0860         303.30
14:40:50         2.09794100637999         125.2971         -1.5890         303.30
14:40:54         1.99794134816669         99.5271         -1.1420         303.30
14:40:58         1.8979408705064         79.0571         -0.7869         303.30
14:41:02         1.79794096059111         62.7973         -0.5473         303.30
14:41:06         1.69794123397439         49.8817         -0.3484         303.30
14:41:10         1.5979407602015         39.6224         -0.2136         303.30
14:41:14         1.49794089938297         31.4732         -0.1366         303.30
14:41:18         1.39794173163867         25.0001         -0.1123         303.30
14:41:22         1.29793988193963         19.8582         -0.0868         303.30
14:41:26         1.19794184111121         15.7740         -0.0412         303.30
14:41:30         1.09794068243622         12.5297         -0.0432         303.30
14:41:34         0.997940898731541         9.9527         -0.0507         303.30
14:41:38         0.897940341373011         7.9057         -0.0267         303.30
14:41:42         0.797938883024152         6.2797         -0.0191         303.30
14:41:46         0.697943874369764         4.9882         -0.0075         303.30
14:41:49         0.597936385571892         3.9622         -0.0038         303.30
14:41:53         0.497938142432874         3.1473         -0.0078         303.30
14:41:57         0.397940008672038         2.5000         -0.0082         303.30
14:42:01         0.29793551244985         1.9858         -0.0554         303.30
14:42:05         0.197941827982788         1.5774         -0.0746         303.30
14:42:09         0.0979510782661857         1.2530         -0.0423         303.30
#------------------------------------------------------------------
# Дата окончания эксперимента
#----------------------
# 06.05.2022
# 14:42:14
#----------------------
# Количество точек в скане 600
