10:57:52         3.30102999566398         2000.0000         -4.8460         303.20
10:57:56         3.2010300024141         1588.6565         -4.9800         303.20
10:58:00         3.10103011615342         1261.9150         -5.2290         303.30
10:58:04         3.0010301735954         1002.3749         -5.4630         303.20
10:58:08         2.90103030312168         796.2149         -5.5740         303.20
10:58:12         2.80103039647127         632.4561         -5.5130         303.20
10:58:16         2.70103052547502         502.3779         -5.2650         303.20
10:58:19         2.60103058992606         399.0530         -4.8880         303.20
10:58:23         2.50103062175664         316.9791         -4.3520         303.20
10:58:27         2.40103072845939         251.7855         -3.7170         303.20
10:58:31         2.30103085714815         200.0004         -3.0370         303.20
10:58:35         2.20103095347593         158.8660         -2.3700         303.20
10:58:39         2.10103114542462         126.1918         -1.7770         303.20
10:58:43         2.00103109914944         100.2377         -1.3010         303.20
10:58:47         1.90103088572348         79.6216         -0.8815         303.20
10:58:51         1.80103100942761         63.2457         -0.6232         303.20
10:58:55         1.70103147521753         50.2379         -0.4019         303.20
10:58:59         1.6010305816229         39.9053         -0.2470         303.20
10:59:03         1.50103050154635         31.6979         -0.1532         303.20
10:59:07         1.40103158383445         25.1786         -0.1009         303.20
10:59:11         1.30102999566398         20.0000         -0.0467         303.20
10:59:15         1.20103094826178         15.8866         -0.0673         303.20
10:59:19         1.10103181497473         12.6192         -0.0558         303.20
10:59:23         1.00103238831071         10.0238         -0.0420         303.20
10:59:27         0.901033091280384         7.9622         -0.0391         303.20
10:59:31         0.801033078803748         6.3246         -0.0214         303.20
10:59:35         0.701032332622174         5.0238         -0.0310         303.30
10:59:39         0.601027312238355         3.9905         -0.0224         303.30
10:59:42         0.501031866976549         3.1698         -0.0020         303.30
10:59:46         0.401038476122047         2.5179         -0.0264         303.30
10:59:50         0.301029995663981         2.0000         -0.0339         303.30
10:59:54         0.201041910871892         1.5887         -0.0960         303.20
10:59:58         0.101024922497756         1.2619         -0.1408         303.20
11:00:02         0.00104107558772532         1.0024         -0.0499         303.20
#------------------------------------------------------------------
# Дата окончания эксперимента
#----------------------
# 12.05.2022
# 11:00:07
#----------------------
# Количество точек в скане 292
