15:54:26         3.39794000867204         2500.0000         -2.3700         283.20
15:54:30         3.29794002877041         1985.8207         -2.5040         283.20
15:54:34         3.19794009555258         1577.3937         -2.7010         283.20
15:54:38         3.09794019718123         1252.9686         -3.0320         283.30
15:54:42         2.99794030947142         995.2686         -3.4390         283.30
15:54:46         2.89794040109701         790.5701         -3.7570         283.30
15:54:50         2.79794048044319         627.9723         -4.1630         283.30
15:54:54         2.69794064943186         498.8163         -4.5070         283.30
15:54:58         2.59794067657697         396.2239         -4.8400         283.20
15:55:02         2.4979407677867         314.7319         -5.1400         283.20
15:55:06         2.3979408834098         250.0005         -5.2740         283.30
15:55:10         2.29794098316926         198.5825         -5.3120         283.30
15:55:14         2.19794101139409         157.7397         -5.2340         283.20
15:55:18         2.09794100637999         125.2971         -5.0080         283.30
15:55:22         1.99794134816669         99.5271         -4.5860         283.30
15:55:26         1.8979408705064         79.0571         -4.0910         283.30
15:55:30         1.79794096059111         62.7973         -3.5960         283.30
15:55:33         1.69794123397439         49.8817         -3.0390         283.30
15:55:37         1.5979407602015         39.6224         -2.5130         283.30
15:55:41         1.49794089938297         31.4732         -2.0530         283.30
15:55:45         1.39794173163867         25.0001         -1.5830         283.30
15:55:49         1.29793988193963         19.8582         -1.0910         283.30
15:55:53         1.19794184111121         15.7740         -0.7306         283.30
15:55:57         1.09794068243622         12.5297         -0.5740         283.30
15:56:01         0.997940898731541         9.9527         -0.4559         283.30
15:56:05         0.897940341373011         7.9057         -0.1997         283.30
15:56:09         0.797938883024152         6.2797         -0.1607         283.30
15:56:13         0.697943874369764         4.9882         -0.2214         283.30
15:56:17         0.597936385571892         3.9622         -0.0697         283.20
15:56:21         0.497938142432874         3.1473         -0.0259         283.30
15:56:25         0.397940008672038         2.5000         -0.0925         283.30
15:56:29         0.29793551244985         1.9858         -0.1755         283.30
15:56:33         0.197941827982788         1.5774         -0.2448         283.30
15:56:37         0.0979510782661857         1.2530         -0.1302         283.30
#------------------------------------------------------------------
# Дата окончания эксперимента
#----------------------
# 04.05.2022
# 15:56:41
#----------------------
# Количество точек в скане 525
