13:19:06         3.39794000867204         2500.0000         -5.5210         283.40
13:19:10         3.29794002877041         1985.8207         -5.4870         283.40
13:19:14         3.19794009555258         1577.3937         -5.6570         283.40
13:19:18         3.09794019718123         1252.9686         -5.3270         283.40
13:19:22         2.99794030947142         995.2686         -5.7430         283.40
13:19:26         2.89794040109701         790.5701         -5.3810         283.40
13:19:30         2.79794048044319         627.9723         -5.3790         283.40
13:19:33         2.69794064943186         498.8163         -5.3450         283.40
13:19:37         2.59794067657697         396.2239         -5.1170         283.40
13:19:41         2.4979407677867         314.7319         -4.8440         283.40
13:19:45         2.3979408834098         250.0005         -4.2330         283.40
13:19:49         2.29794098316926         198.5825         -3.7230         283.40
13:19:53         2.19794101139409         157.7397         -3.4000         283.40
13:19:57         2.09794100637999         125.2971         -3.0720         283.40
13:20:01         1.99794134816669         99.5271         -2.4640         283.40
13:20:05         1.8979408705064         79.0571         -2.4880         283.40
13:20:09         1.79794096059111         62.7973         -2.1200         283.40
13:20:13         1.69794123397439         49.8817         -1.8040         283.40
13:20:17         1.5979407602015         39.6224         -1.5960         283.40
13:20:21         1.49794089938297         31.4732         -1.4170         283.40
13:20:25         1.39794173163867         25.0001         -1.0910         283.40
13:20:29         1.29793988193963         19.8582         -0.4712         283.40
13:20:33         1.19794184111121         15.7740         -0.4773         283.40
13:20:37         1.09794068243622         12.5297         -0.9021         283.40
13:20:41         0.997940898731541         9.9527         -0.3398         283.40
13:20:45         0.897940341373011         7.9057         -0.1457         283.40
13:20:49         0.797938883024152         6.2797         -0.6906         283.40
13:20:53         0.697943874369764         4.9882         -0.8107         283.40
13:20:56         0.597936385571892         3.9622         -0.7370         283.40
13:21:00         0.497938142432874         3.1473         -0.7257         283.40
13:21:05         0.397940008672038         2.5000         -0.0060         283.40
13:21:09         0.29793551244985         1.9858         0.2498         283.40
13:21:13         0.197941827982788         1.5774         0.2554         283.40
13:21:17         0.0979510782661857         1.2530         -0.1183         283.40
#------------------------------------------------------------------
# Дата окончания эксперимента
#----------------------
# 05.05.2022
# 13:21:22
#----------------------
# Количество точек в скане 907
