14:16:09         3.39794000867204         2500.0000         -0.6601         262.80
14:16:13         3.29794002877041         1985.8207         -0.7240         262.80
14:16:17         3.19794009555258         1577.3937         -0.7991         262.80
14:16:21         3.09794019718123         1252.9686         -0.8221         262.80
14:16:25         2.99794030947142         995.2686         -0.9581         262.90
14:16:29         2.89794040109701         790.5701         -1.1080         262.80
14:16:33         2.79794048044319         627.9723         -1.2940         262.80
14:16:37         2.69794064943186         498.8163         -1.5070         262.90
14:16:41         2.59794067657697         396.2239         -1.7390         262.90
14:16:45         2.4979407677867         314.7319         -2.0190         262.90
14:16:49         2.3979408834098         250.0005         -2.3800         262.90
14:16:53         2.29794098316926         198.5825         -2.8130         262.80
14:16:57         2.19794101139409         157.7397         -3.2700         262.80
14:17:01         2.09794100637999         125.2971         -3.7690         262.80
14:17:05         1.99794134816669         99.5271         -4.3730         262.80
14:17:09         1.8979408705064         79.0571         -5.0610         262.90
14:17:13         1.79794096059111         62.7973         -5.6430         262.90
14:17:17         1.69794123397439         49.8817         -6.2610         262.90
14:17:21         1.5979407602015         39.6224         -6.8600         262.90
14:17:25         1.49794089938297         31.4732         -7.2820         262.90
14:17:29         1.39794173163867         25.0001         -7.6060         262.90
14:17:33         1.29793988193963         19.8582         -7.7190         262.90
14:17:37         1.19794184111121         15.7740         -7.5600         262.80
14:17:41         1.09794068243622         12.5297         -7.2300         262.90
14:17:45         0.997940898731541         9.9527         -6.6100         262.80
14:17:48         0.897940341373011         7.9057         -5.8120         262.80
14:17:52         0.797938883024152         6.2797         -4.8940         262.80
14:17:56         0.697943874369764         4.9882         -3.9720         262.80
14:18:00         0.597936385571892         3.9622         -2.9860         262.80
14:18:04         0.497938142432874         3.1473         -2.2690         262.80
14:18:08         0.397940008672038         2.5000         -1.7430         262.80
14:18:12         0.29793551244985         1.9858         -1.2330         262.90
14:18:16         0.197941827982788         1.5774         -0.8446         262.80
14:18:20         0.0979510782661857         1.2530         -0.5916         262.80
#------------------------------------------------------------------
# Дата окончания эксперимента
#----------------------
# 28.04.2022
# 14:18:25
#----------------------
# Количество точек в скане 1271
