15:20:46         3.39794000867204         2500.0000         -1.5850         283.30
15:20:50         3.29794002877041         1985.8207         -1.6960         283.30
15:20:54         3.19794009555258         1577.3937         -1.9930         283.30
15:20:58         3.09794019718123         1252.9686         -2.3670         283.30
15:21:02         2.99794030947142         995.2686         -2.8060         283.30
15:21:06         2.89794040109701         790.5701         -3.3060         283.30
15:21:10         2.79794048044319         627.9723         -3.8860         283.30
15:21:14         2.69794064943186         498.8163         -4.4890         283.30
15:21:18         2.59794067657697         396.2239         -5.1550         283.30
15:21:22         2.4979407677867         314.7319         -5.7870         283.30
15:21:26         2.3979408834098         250.0005         -6.3950         283.30
15:21:29         2.29794098316926         198.5825         -6.9360         283.30
15:21:33         2.19794101139409         157.7397         -7.2870         283.30
15:21:37         2.09794100637999         125.2971         -7.4490         283.30
15:21:41         1.99794134816669         99.5271         -7.3640         283.30
15:21:45         1.8979408705064         79.0571         -7.0520         283.30
15:21:49         1.79794096059111         62.7973         -6.4810         283.30
15:21:53         1.69794123397439         49.8817         -5.6860         283.30
15:21:57         1.5979407602015         39.6224         -4.7880         283.30
15:22:01         1.49794089938297         31.4732         -3.8570         283.30
15:22:05         1.39794173163867         25.0001         -2.9650         283.30
15:22:09         1.29793988193963         19.8582         -2.1990         283.30
15:22:13         1.19794184111121         15.7740         -1.5690         283.30
15:22:17         1.09794068243622         12.5297         -1.0570         283.30
15:22:21         0.997940898731541         9.9527         -0.6978         283.30
15:22:25         0.897940341373011         7.9057         -0.4544         283.30
15:22:29         0.797938883024152         6.2797         -0.3055         283.30
15:22:33         0.697943874369764         4.9882         -0.1701         283.30
15:22:37         0.597936385571892         3.9622         -0.1242         283.30
15:22:41         0.497938142432874         3.1473         -0.0598         283.30
15:22:45         0.397940008672038         2.5000         -0.0154         283.30
15:22:48         0.29793551244985         1.9858         -0.0143         283.30
15:22:52         0.197941827982788         1.5774         -0.0372         283.30
15:22:56         0.0979510782661857         1.2530         -0.0294         283.30
#------------------------------------------------------------------
# Дата окончания эксперимента
#----------------------
# 04.05.2022
# 15:23:01
#----------------------
# Количество точек в скане 280
