15:57:22         3.39794000867204         2500.0000         -8.7560         303.30
15:57:26         3.29794002877041         1985.8207         -8.9990         303.30
15:57:30         3.19794009555258         1577.3937         -9.1620         303.30
15:57:34         3.09794019718123         1252.9686         -9.0720         303.30
15:57:38         2.99794030947142         995.2686         -8.6840         303.30
15:57:42         2.89794040109701         790.5701         -8.2300         303.30
15:57:46         2.79794048044319         627.9723         -7.7180         303.30
15:57:50         2.69794064943186         498.8163         -7.0470         303.30
15:57:54         2.59794067657697         396.2239         -6.0410         303.30
15:57:58         2.4979407677867         314.7319         -5.1590         303.30
15:58:02         2.3979408834098         250.0005         -4.3560         303.30
15:58:06         2.29794098316926         198.5825         -3.5550         303.30
15:58:10         2.19794101139409         157.7397         -2.5840         303.30
15:58:14         2.09794100637999         125.2971         -2.1540         303.30
15:58:18         1.99794134816669         99.5271         -0.7806         303.30
15:58:22         1.8979408705064         79.0571         -0.0201         303.30
15:58:26         1.79794096059111         62.7973         -0.6592         303.30
15:58:30         1.69794123397439         49.8817         -0.5676         303.30
15:58:34         1.5979407602015         39.6224         -0.5081         303.30
15:58:38         1.49794089938297         31.4732         -0.5075         303.30
15:58:42         1.39794173163867         25.0001         -0.3899         303.30
15:58:46         1.29793988193963         19.8582         -0.1205         303.30
15:58:49         1.19794184111121         15.7740         -0.8891         303.30
15:58:53         1.09794068243622         12.5297         -1.5550         303.30
15:58:57         0.997940898731541         9.9527         -0.2266         303.30
15:59:01         0.897940341373011         7.9057         -0.4858         303.30
15:59:05         0.797938883024152         6.2797         -1.4480         303.30
15:59:09         0.697943874369764         4.9882         -1.1350         303.30
15:59:13         0.597936385571892         3.9622         -1.4850         303.30
15:59:17         0.497938142432874         3.1473         -0.5307         303.30
15:59:21         0.397940008672038         2.5000         -0.8054         303.30
15:59:25         0.29793551244985         1.9858         -0.3461         303.30
15:59:29         0.197941827982788         1.5774         -0.1344         303.30
15:59:33         0.0979510782661857         1.2530         -0.2371         303.30
#------------------------------------------------------------------
# Дата окончания эксперимента
#----------------------
# 06.05.2022
# 15:59:38
#----------------------
# Количество точек в скане 1198
