12:17:28         3.39794000867204         2500.0000         -0.3290         263.00
12:17:32         3.29794002877041         1985.8207         -0.3358         263.00
12:17:36         3.19794009555258         1577.3937         -0.3951         263.00
12:17:40         3.09794019718123         1252.9686         -0.4526         263.00
12:17:44         2.99794030947142         995.2686         -0.4971         263.00
12:17:48         2.89794040109701         790.5701         -0.6104         263.00
12:17:52         2.79794048044319         627.9723         -0.7228         263.00
12:17:56         2.69794064943186         498.8163         -0.8653         263.00
12:18:00         2.59794067657697         396.2239         -1.0410         263.00
12:18:04         2.4979407677867         314.7319         -1.2110         263.00
12:18:08         2.3979408834098         250.0005         -1.4130         263.00
12:18:12         2.29794098316926         198.5825         -1.6650         263.00
12:18:16         2.19794101139409         157.7397         -1.9670         263.00
12:18:20         2.09794100637999         125.2971         -2.3110         263.00
12:18:24         1.99794134816669         99.5271         -2.6960         263.00
12:18:28         1.8979408705064         79.0571         -3.0660         263.00
12:18:32         1.79794096059111         62.7973         -3.4950         263.00
12:18:36         1.69794123397439         49.8817         -3.9140         263.00
12:18:40         1.5979407602015         39.6224         -4.3050         263.00
12:18:43         1.49794089938297         31.4732         -4.6110         263.00
12:18:47         1.39794173163867         25.0001         -4.8370         263.00
12:18:51         1.29793988193963         19.8582         -4.9310         263.00
12:18:55         1.19794184111121         15.7740         -4.8790         263.00
12:18:59         1.09794068243622         12.5297         -4.6640         263.00
12:19:03         0.997940898731541         9.9527         -4.2620         263.00
12:19:07         0.897940341373011         7.9057         -3.7420         263.00
12:19:11         0.797938883024152         6.2797         -3.1540         263.00
12:19:15         0.697943874369764         4.9882         -2.5330         263.00
12:19:19         0.597936385571892         3.9622         -1.9330         263.00
12:19:23         0.497938142432874         3.1473         -1.4080         263.00
12:19:27         0.397940008672038         2.5000         -1.0430         263.00
12:19:31         0.29793551244985         1.9858         -0.7367         263.00
12:19:35         0.197941827982788         1.5774         -0.5791         263.00
12:19:39         0.0979510782661857         1.2530         -0.3935         263.00
#------------------------------------------------------------------
# Дата окончания эксперимента
#----------------------
# 28.04.2022
# 12:19:44
#----------------------
# Количество точек в скане 549
