12:14:05         3.39794000867204         2500.0000         -0.4692         262.60
12:14:09         3.29794002877041         1985.8207         -0.6322         262.60
12:14:13         3.19794009555258         1577.3937         -0.7117         262.60
12:14:17         3.09794019718123         1252.9686         -0.8076         262.60
12:14:21         2.99794030947142         995.2686         -0.8638         262.60
12:14:25         2.89794040109701         790.5701         -0.9705         262.60
12:14:29         2.79794048044319         627.9723         -1.1580         262.60
12:14:33         2.69794064943186         498.8163         -1.3950         262.60
12:14:37         2.59794067657697         396.2239         -1.6730         262.60
12:14:41         2.4979407677867         314.7319         -1.8310         262.60
12:14:45         2.3979408834098         250.0005         -2.0660         262.60
12:14:49         2.29794098316926         198.5825         -2.3830         262.60
12:14:53         2.19794101139409         157.7397         -2.7360         262.60
12:14:57         2.09794100637999         125.2971         -3.1090         262.60
12:15:01         1.99794134816669         99.5271         -3.5060         262.60
12:15:05         1.8979408705064         79.0571         -3.7810         262.60
12:15:09         1.79794096059111         62.7973         -4.2420         262.60
12:15:13         1.69794123397439         49.8817         -4.6110         262.60
12:15:17         1.5979407602015         39.6224         -4.9300         262.60
12:15:21         1.49794089938297         31.4732         -5.1580         262.60
12:15:24         1.39794173163867         25.0001         -5.2570         262.60
12:15:28         1.29793988193963         19.8582         -5.2070         262.60
12:15:32         1.19794184111121         15.7740         -4.9810         262.60
12:15:36         1.09794068243622         12.5297         -4.6410         262.60
12:15:40         0.997940898731541         9.9527         -4.1610         262.60
12:15:44         0.897940341373011         7.9057         -3.6170         262.60
12:15:48         0.797938883024152         6.2797         -2.9970         262.60
12:15:52         0.697943874369764         4.9882         -2.3540         262.60
12:15:56         0.597936385571892         3.9622         -1.8020         262.60
12:16:00         0.497938142432874         3.1473         -1.4270         262.60
12:16:04         0.397940008672038         2.5000         -1.0340         262.60
12:16:08         0.29793551244985         1.9858         -0.7162         262.60
12:16:12         0.197941827982788         1.5774         -0.4410         262.60
12:16:16         0.0979510782661857         1.2530         -0.2962         262.60
#------------------------------------------------------------------
# Дата окончания эксперимента
#----------------------
# 29.04.2022
# 12:16:21
#----------------------
# Количество точек в скане 286
