14:43:41         3.39794000867204         2500.0000         -1.5840         262.60
14:43:45         3.29794002877041         1985.8207         -1.5450         262.60
14:43:49         3.19794009555258         1577.3937         -1.5510         262.60
14:43:53         3.09794019718123         1252.9686         -1.9430         262.60
14:43:57         2.99794030947142         995.2686         -1.9080         262.60
14:44:01         2.89794040109701         790.5701         -1.9690         262.60
14:44:05         2.79794048044319         627.9723         -2.0590         262.60
14:44:09         2.69794064943186         498.8163         -1.9240         262.60
14:44:13         2.59794067657697         396.2239         -2.6380         262.60
14:44:17         2.4979407677867         314.7319         -3.0270         262.60
14:44:21         2.3979408834098         250.0005         -3.1440         262.60
14:44:25         2.29794098316926         198.5825         -3.1860         262.60
14:44:29         2.19794101139409         157.7397         -3.3420         262.60
14:44:33         2.09794100637999         125.2971         -3.4960         262.60
14:44:37         1.99794134816669         99.5271         -4.0470         262.60
14:44:41         1.8979408705064         79.0571         -4.6180         262.60
14:44:45         1.79794096059111         62.7973         -4.1730         262.60
14:44:49         1.69794123397439         49.8817         -3.7260         262.60
14:44:52         1.5979407602015         39.6224         -3.5230         262.60
14:44:56         1.49794089938297         31.4732         -3.4460         262.60
14:45:00         1.39794173163867         25.0001         -3.3720         262.60
14:45:04         1.29793988193963         19.8582         -3.1510         262.60
14:45:08         1.19794184111121         15.7740         -3.1090         262.60
14:45:12         1.09794068243622         12.5297         -2.7460         262.60
14:45:16         0.997940898731541         9.9527         -2.2230         262.60
14:45:20         0.897940341373011         7.9057         -1.6250         262.60
14:45:24         0.797938883024152         6.2797         -1.1450         262.60
14:45:28         0.697943874369764         4.9882         -0.7759         262.60
14:45:32         0.597936385571892         3.9622         -0.8182         262.60
14:45:36         0.497938142432874         3.1473         -0.9334         262.60
14:45:40         0.397940008672038         2.5000         -0.8961         262.60
14:45:44         0.29793551244985         1.9858         -0.4016         262.60
14:45:48         0.197941827982788         1.5774         -0.4639         262.60
14:45:52         0.0979510782661857         1.2530         -0.6259         262.60
#------------------------------------------------------------------
# Дата окончания эксперимента
#----------------------
# 29.04.2022
# 14:45:57
#----------------------
# Количество точек в скане 1101
