12:05:42         3.39794000867204         2500.0000         -1.9450         283.00
12:05:46         3.29794002877041         1985.8207         -2.1280         283.00
12:05:50         3.19794009555258         1577.3937         -2.3740         283.00
12:05:54         3.09794019718123         1252.9686         -2.7630         283.00
12:05:58         2.99794030947142         995.2686         -3.2830         283.00
12:06:02         2.89794040109701         790.5701         -3.7760         283.00
12:06:06         2.79794048044319         627.9723         -4.3150         283.00
12:06:10         2.69794064943186         498.8163         -4.8290         283.00
12:06:14         2.59794067657697         396.2239         -5.3660         283.00
12:06:18         2.4979407677867         314.7319         -5.8980         283.00
12:06:22         2.3979408834098         250.0005         -6.3090         283.00
12:06:25         2.29794098316926         198.5825         -6.6390         283.00
12:06:29         2.19794101139409         157.7397         -6.8540         283.00
12:06:33         2.09794100637999         125.2971         -6.8830         283.00
12:06:37         1.99794134816669         99.5271         -6.6720         283.00
12:06:41         1.8979408705064         79.0571         -6.2440         283.00
12:06:45         1.79794096059111         62.7973         -5.6620         283.00
12:06:49         1.69794123397439         49.8817         -4.9720         283.00
12:06:53         1.5979407602015         39.6224         -4.1630         283.00
12:06:57         1.49794089938297         31.4732         -3.3720         283.00
12:07:01         1.39794173163867         25.0001         -2.6580         283.00
12:07:05         1.29793988193963         19.8582         -1.9060         283.00
12:07:09         1.19794184111121         15.7740         -1.5640         283.00
12:07:13         1.09794068243622         12.5297         -1.3360         283.00
12:07:17         0.997940898731541         9.9527         -0.7442         283.00
12:07:21         0.897940341373011         7.9057         -0.5984         283.00
12:07:25         0.797938883024152         6.2797         -0.3238         283.00
12:07:29         0.697943874369764         4.9882         -0.4657         283.00
12:07:33         0.597936385571892         3.9622         0.1089         283.00
12:07:37         0.497938142432874         3.1473         -0.0047         283.00
12:07:41         0.397940008672038         2.5000         -0.0171         283.00
12:07:46         0.29793551244985         1.9858         0.0060         283.00
12:07:49         0.197941827982788         1.5774         0.0522         283.00
12:07:53         0.0979510782661857         1.2530         -0.1064         283.00
#------------------------------------------------------------------
# Дата окончания эксперимента
#----------------------
# 04.05.2022
# 12:07:58
#----------------------
# Количество точек в скане 254
