15:30:26         3.39794000867204         2500.0000         -1.2840         283.30
15:30:30         3.29794002877041         1985.8207         -1.3890         283.30
15:30:34         3.19794009555258         1577.3937         -1.6200         283.30
15:30:38         3.09794019718123         1252.9686         -1.9250         283.30
15:30:42         2.99794030947142         995.2686         -2.2780         283.30
15:30:46         2.89794040109701         790.5701         -2.6690         283.30
15:30:50         2.79794048044319         627.9723         -3.1190         283.30
15:30:54         2.69794064943186         498.8163         -3.6180         283.30
15:30:58         2.59794067657697         396.2239         -4.1030         283.30
15:31:02         2.4979407677867         314.7319         -4.5500         283.30
15:31:06         2.3979408834098         250.0005         -4.9750         283.30
15:31:10         2.29794098316926         198.5825         -5.3300         283.30
15:31:14         2.19794101139409         157.7397         -5.5710         283.30
15:31:18         2.09794100637999         125.2971         -5.6750         283.30
15:31:22         1.99794134816669         99.5271         -5.5670         283.30
15:31:26         1.8979408705064         79.0571         -5.2690         283.30
15:31:30         1.79794096059111         62.7973         -4.8230         283.30
15:31:34         1.69794123397439         49.8817         -4.2020         283.30
15:31:37         1.5979407602015         39.6224         -3.4940         283.30
15:31:41         1.49794089938297         31.4732         -2.7780         283.30
15:31:45         1.39794173163867         25.0001         -2.1270         283.30
15:31:49         1.29793988193963         19.8582         -1.5820         283.30
15:31:53         1.19794184111121         15.7740         -1.1090         283.30
15:31:57         1.09794068243622         12.5297         -0.7567         283.30
15:32:01         0.997940898731541         9.9527         -0.5023         283.30
15:32:05         0.897940341373011         7.9057         -0.3114         283.20
15:32:09         0.797938883024152         6.2797         -0.1756         283.30
15:32:13         0.697943874369764         4.9882         -0.1091         283.30
15:32:17         0.597936385571892         3.9622         -0.0575         283.30
15:32:21         0.497938142432874         3.1473         -0.0363         283.30
15:32:25         0.397940008672038         2.5000         -0.0641         283.30
15:32:29         0.29793551244985         1.9858         -0.0554         283.30
15:32:33         0.197941827982788         1.5774         -0.0374         283.30
15:32:37         0.0979510782661857         1.2530         -0.0256         283.30
#------------------------------------------------------------------
# Дата окончания эксперимента
#----------------------
# 04.05.2022
# 15:32:42
#----------------------
# Количество точек в скане 350
