13:16:22         3.39794000867204         2500.0000         -3.5140         303.40
13:16:26         3.29794002877041         1985.8207         -3.6630         303.40
13:16:30         3.19794009555258         1577.3937         -3.9470         303.40
13:16:34         3.09794019718123         1252.9686         -4.2350         303.40
13:16:38         2.99794030947142         995.2686         -4.4780         303.40
13:16:42         2.89794040109701         790.5701         -4.5850         303.40
13:16:46         2.79794048044319         627.9723         -4.5620         303.40
13:16:50         2.69794064943186         498.8163         -4.4240         303.40
13:16:54         2.59794067657697         396.2239         -4.1120         303.40
13:16:58         2.4979407677867         314.7319         -3.6500         303.40
13:17:02         2.3979408834098         250.0005         -3.1280         303.40
13:17:06         2.29794098316926         198.5825         -2.5640         303.40
13:17:10         2.19794101139409         157.7397         -2.0120         303.40
13:17:14         2.09794100637999         125.2971         -1.5150         303.40
13:17:17         1.99794134816669         99.5271         -1.0910         303.40
13:17:21         1.8979408705064         79.0571         -0.7782         303.40
13:17:25         1.79794096059111         62.7973         -0.5263         303.40
13:17:29         1.69794123397439         49.8817         -0.3488         303.40
13:17:33         1.5979407602015         39.6224         -0.2341         303.40
13:17:37         1.49794089938297         31.4732         -0.1404         303.40
13:17:41         1.39794173163867         25.0001         -0.0946         303.40
13:17:45         1.29793988193963         19.8582         -0.0609         303.40
13:17:49         1.19794184111121         15.7740         -0.0459         303.40
13:17:53         1.09794068243622         12.5297         -0.0377         303.40
13:17:57         0.997940898731541         9.9527         -0.0378         303.40
13:18:01         0.897940341373011         7.9057         -0.0430         303.40
13:18:05         0.797938883024152         6.2797         -0.0653         303.40
13:18:09         0.697943874369764         4.9882         -0.0629         303.40
13:18:13         0.597936385571892         3.9622         -0.0664         303.40
13:18:17         0.497938142432874         3.1473         -0.0542         303.40
13:18:21         0.397940008672038         2.5000         -0.0525         303.40
13:18:25         0.29793551244985         1.9858         -0.0171         303.40
13:18:28         0.197941827982788         1.5774         -0.0316         303.40
13:18:32         0.0979510782661857         1.2530         -0.0661         303.40
#------------------------------------------------------------------
# Дата окончания эксперимента
#----------------------
# 11.05.2022
# 13:18:37
#----------------------
# Количество точек в скане 548
