13:08:27         3.39794000867204         2500.0000         -0.3510         263.00
13:08:31         3.29794002877041         1985.8207         -0.3491         263.00
13:08:35         3.19794009555258         1577.3937         -0.3636         263.00
13:08:39         3.09794019718123         1252.9686         -0.4276         263.00
13:08:43         2.99794030947142         995.2686         -0.5057         263.00
13:08:47         2.89794040109701         790.5701         -0.5788         263.00
13:08:51         2.79794048044319         627.9723         -0.6685         263.00
13:08:55         2.69794064943186         498.8163         -0.7623         263.00
13:08:59         2.59794067657697         396.2239         -0.8859         263.00
13:09:03         2.4979407677867         314.7319         -1.0530         263.00
13:09:07         2.3979408834098         250.0005         -1.2580         263.00
13:09:11         2.29794098316926         198.5825         -1.4900         263.00
13:09:15         2.19794101139409         157.7397         -1.7700         263.00
13:09:19         2.09794100637999         125.2971         -2.0790         263.00
13:09:23         1.99794134816669         99.5271         -2.3900         263.00
13:09:27         1.8979408705064         79.0571         -2.7300         263.00
13:09:31         1.79794096059111         62.7973         -3.1090         263.00
13:09:35         1.69794123397439         49.8817         -3.4590         263.00
13:09:39         1.5979407602015         39.6224         -3.8010         263.00
13:09:43         1.49794089938297         31.4732         -4.0930         263.00
13:09:47         1.39794173163867         25.0001         -4.2990         263.00
13:09:50         1.29793988193963         19.8582         -4.3950         263.00
13:09:54         1.19794184111121         15.7740         -4.3430         263.00
13:09:58         1.09794068243622         12.5297         -4.1530         263.00
13:10:02         0.997940898731541         9.9527         -3.8030         263.00
13:10:06         0.897940341373011         7.9057         -3.3280         263.00
13:10:10         0.797938883024152         6.2797         -2.7680         262.90
13:10:14         0.697943874369764         4.9882         -2.2010         263.00
13:10:18         0.597936385571892         3.9622         -1.7080         263.00
13:10:22         0.497938142432874         3.1473         -1.2840         263.00
13:10:26         0.397940008672038         2.5000         -0.8994         263.00
13:10:30         0.29793551244985         1.9858         -0.6381         263.00
13:10:34         0.197941827982788         1.5774         -0.4483         263.00
13:10:38         0.0979510782661857         1.2530         -0.3078         263.00
#------------------------------------------------------------------
# Дата окончания эксперимента
#----------------------
# 28.04.2022
# 13:10:43
#----------------------
# Количество точек в скане 891
