12:52:09         3.39794000867204         2500.0000         -0.6427         262.60
12:52:13         3.29794002877041         1985.8207         -0.6607         262.60
12:52:17         3.19794009555258         1577.3937         -0.7388         262.60
12:52:21         3.09794019718123         1252.9686         -0.8292         262.60
12:52:25         2.99794030947142         995.2686         -0.8965         262.60
12:52:28         2.89794040109701         790.5701         -1.0870         262.60
12:52:32         2.79794048044319         627.9723         -1.2450         262.60
12:52:36         2.69794064943186         498.8163         -1.4990         262.60
12:52:40         2.59794067657697         396.2239         -1.6990         262.60
12:52:44         2.4979407677867         314.7319         -1.9130         262.60
12:52:48         2.3979408834098         250.0005         -2.2480         262.60
12:52:52         2.29794098316926         198.5825         -2.5970         262.60
12:52:56         2.19794101139409         157.7397         -2.9520         262.60
12:53:00         2.09794100637999         125.2971         -3.3910         262.60
12:53:04         1.99794134816669         99.5271         -3.9710         262.60
12:53:08         1.8979408705064         79.0571         -4.4440         262.60
12:53:12         1.79794096059111         62.7973         -4.8840         262.60
12:53:16         1.69794123397439         49.8817         -5.3760         262.60
12:53:20         1.5979407602015         39.6224         -5.8060         262.60
12:53:24         1.49794089938297         31.4732         -6.1060         262.60
12:53:28         1.39794173163867         25.0001         -6.3040         262.60
12:53:32         1.29793988193963         19.8582         -6.3070         262.60
12:53:36         1.19794184111121         15.7740         -6.1230         262.60
12:53:40         1.09794068243622         12.5297         -5.7070         262.60
12:53:44         0.997940898731541         9.9527         -5.2100         262.60
12:53:47         0.897940341373011         7.9057         -4.5570         262.60
12:53:51         0.797938883024152         6.2797         -3.8020         262.60
12:53:55         0.697943874369764         4.9882         -2.9660         262.60
12:53:59         0.597936385571892         3.9622         -2.2240         262.60
12:54:03         0.497938142432874         3.1473         -1.6700         262.60
12:54:07         0.397940008672038         2.5000         -1.1960         262.60
12:54:11         0.29793551244985         1.9858         -0.9009         262.60
12:54:15         0.197941827982788         1.5774         -0.6606         262.60
12:54:19         0.0979510782661857         1.2530         -0.3758         262.60
#------------------------------------------------------------------
# Дата окончания эксперимента
#----------------------
# 29.04.2022
# 12:54:24
#----------------------
# Количество точек в скане 461
