13:33:38         3.39794000867204         2500.0000         -4.4380         303.40
13:33:42         3.29794002877041         1985.8207         -4.4440         303.40
13:33:46         3.19794009555258         1577.3937         -4.2430         303.40
13:33:50         3.09794019718123         1252.9686         -4.1060         303.40
13:33:54         2.99794030947142         995.2686         -3.7150         303.40
13:33:58         2.89794040109701         790.5701         -3.1110         303.40
13:34:02         2.79794048044319         627.9723         -2.8850         303.40
13:34:06         2.69794064943186         498.8163         -2.1770         303.40
13:34:10         2.59794067657697         396.2239         -2.0740         303.40
13:34:14         2.4979407677867         314.7319         -1.9100         303.40
13:34:18         2.3979408834098         250.0005         -1.6470         303.40
13:34:22         2.29794098316926         198.5825         -1.3060         303.40
13:34:26         2.19794101139409         157.7397         -0.9898         303.40
13:34:30         2.09794100637999         125.2971         -0.6844         303.40
13:34:34         1.99794134816669         99.5271         -0.6567         303.40
13:34:38         1.8979408705064         79.0571         -0.4424         303.40
13:34:42         1.79794096059111         62.7973         -0.3885         303.40
13:34:46         1.69794123397439         49.8817         -0.3116         303.40
13:34:50         1.5979407602015         39.6224         -0.2054         303.40
13:34:54         1.49794089938297         31.4732         -0.1286         303.40
13:34:58         1.39794173163867         25.0001         -0.3996         303.40
13:35:02         1.29793988193963         19.8582         -0.4591         303.40
13:35:05         1.19794184111121         15.7740         -0.2466         303.40
13:35:09         1.09794068243622         12.5297         0.0775         303.40
13:35:13         0.997940898731541         9.9527         -0.0807         303.40
13:35:17         0.897940341373011         7.9057         -0.4695         303.40
13:35:21         0.797938883024152         6.2797         -0.2756         303.40
13:35:25         0.697943874369764         4.9882         -0.3542         303.40
13:35:29         0.597936385571892         3.9622         -0.3380         303.40
13:35:33         0.497938142432874         3.1473         -0.3186         303.40
13:35:37         0.397940008672038         2.5000         -0.4088         303.40
13:35:41         0.29793551244985         1.9858         -0.4001         303.40
13:35:45         0.197941827982788         1.5774         -0.6119         303.40
13:35:49         0.0979510782661857         1.2530         -0.1161         303.40
#------------------------------------------------------------------
# Дата окончания эксперимента
#----------------------
# 11.05.2022
# 13:35:54
#----------------------
# Количество точек в скане 688
