13:46:41         3.39794000867204         2500.0000         -6.2990         283.40
13:46:45         3.29794002877041         1985.8207         -6.4540         283.40
13:46:49         3.19794009555258         1577.3937         -6.5640         283.40
13:46:53         3.09794019718123         1252.9686         -6.1820         283.40
13:46:57         2.99794030947142         995.2686         -6.4240         283.40
13:47:01         2.89794040109701         790.5701         -6.5120         283.40
13:47:05         2.79794048044319         627.9723         -6.4950         283.40
13:47:08         2.69794064943186         498.8163         -5.9090         283.40
13:47:12         2.59794067657697         396.2239         -5.6740         283.40
13:47:16         2.4979407677867         314.7319         -5.7930         283.40
13:47:20         2.3979408834098         250.0005         -5.2740         283.40
13:47:24         2.29794098316926         198.5825         -4.9470         283.40
13:47:28         2.19794101139409         157.7397         -4.6410         283.40
13:47:32         2.09794100637999         125.2971         -4.1660         283.40
13:47:36         1.99794134816669         99.5271         -3.2680         283.40
13:47:40         1.8979408705064         79.0571         -2.8280         283.40
13:47:44         1.79794096059111         62.7973         -2.5490         283.40
13:47:48         1.69794123397439         49.8817         -2.8890         283.40
13:47:52         1.5979407602015         39.6224         -1.9570         283.40
13:47:56         1.49794089938297         31.4732         -1.7850         283.40
13:48:00         1.39794173163867         25.0001         -1.4110         283.40
13:48:04         1.29793988193963         19.8582         -0.7205         283.50
13:48:08         1.19794184111121         15.7740         -0.4588         283.50
13:48:12         1.09794068243622         12.5297         -0.1958         283.40
13:48:16         0.997940898731541         9.9527         -0.0941         283.40
13:48:20         0.897940341373011         7.9057         -0.0838         283.50
13:48:24         0.797938883024152         6.2797         -0.4907         283.50
13:48:27         0.697943874369764         4.9882         -0.5511         283.50
13:48:31         0.597936385571892         3.9622         -0.7751         283.40
13:48:35         0.497938142432874         3.1473         -0.9163         283.40
13:48:39         0.397940008672038         2.5000         -1.6760         283.50
13:48:43         0.29793551244985         1.9858         -1.7830         283.40
13:48:47         0.197941827982788         1.5774         -1.0070         283.50
13:48:51         0.0979510782661857         1.2530         -0.5371         283.40
#------------------------------------------------------------------
# Дата окончания эксперимента
#----------------------
# 05.05.2022
# 13:48:56
#----------------------
# Количество точек в скане 1148
