13:25:10         3.39794000867204         2500.0000         -0.6943         262.90
13:25:14         3.29794002877041         1985.8207         -0.7256         262.90
13:25:18         3.19794009555258         1577.3937         -0.7840         262.90
13:25:22         3.09794019718123         1252.9686         -0.9026         262.90
13:25:26         2.99794030947142         995.2686         -1.0670         262.90
13:25:30         2.89794040109701         790.5701         -1.2280         262.90
13:25:33         2.79794048044319         627.9723         -1.4020         262.90
13:25:37         2.69794064943186         498.8163         -1.5710         262.90
13:25:41         2.59794067657697         396.2239         -1.8260         262.90
13:25:45         2.4979407677867         314.7319         -2.1910         262.90
13:25:49         2.3979408834098         250.0005         -2.5810         262.90
13:25:53         2.29794098316926         198.5825         -3.0410         262.90
13:25:57         2.19794101139409         157.7397         -3.5490         262.90
13:26:01         2.09794100637999         125.2971         -4.1160         262.90
13:26:05         1.99794134816669         99.5271         -4.7240         262.90
13:26:09         1.8979408705064         79.0571         -5.4290         262.90
13:26:13         1.79794096059111         62.7973         -6.1250         262.90
13:26:17         1.69794123397439         49.8817         -6.8270         262.90
13:26:21         1.5979407602015         39.6224         -7.4290         262.90
13:26:25         1.49794089938297         31.4732         -7.9760         262.90
13:26:29         1.39794173163867         25.0001         -8.2730         262.90
13:26:33         1.29793988193963         19.8582         -8.3640         263.00
13:26:37         1.19794184111121         15.7740         -8.2200         262.90
13:26:41         1.09794068243622         12.5297         -7.8060         262.90
13:26:45         0.997940898731541         9.9527         -7.1620         262.90
13:26:49         0.897940341373011         7.9057         -6.2330         262.90
13:26:53         0.797938883024152         6.2797         -5.2230         263.00
13:26:57         0.697943874369764         4.9882         -4.2390         263.00
13:27:01         0.597936385571892         3.9622         -3.2810         262.90
13:27:04         0.497938142432874         3.1473         -2.4690         262.90
13:27:08         0.397940008672038         2.5000         -1.7750         263.00
13:27:12         0.29793551244985         1.9858         -1.1580         262.90
13:27:16         0.197941827982788         1.5774         -0.9863         262.90
13:27:20         0.0979510782661857         1.2530         -0.6563         262.90
#------------------------------------------------------------------
# Дата окончания эксперимента
#----------------------
# 28.04.2022
# 13:27:25
#----------------------
# Количество точек в скане 996
