12:23:50         3.39794000867204         2500.0000         -0.3349         263.00
12:23:54         3.29794002877041         1985.8207         -0.3572         263.00
12:23:58         3.19794009555258         1577.3937         -0.4118         263.00
12:24:02         3.09794019718123         1252.9686         -0.4668         263.00
12:24:06         2.99794030947142         995.2686         -0.5344         263.00
12:24:10         2.89794040109701         790.5701         -0.6502         262.90
12:24:14         2.79794048044319         627.9723         -0.7481         262.90
12:24:18         2.69794064943186         498.8163         -0.8588         262.90
12:24:22         2.59794067657697         396.2239         -1.0660         262.90
12:24:26         2.4979407677867         314.7319         -1.2410         262.90
12:24:30         2.3979408834098         250.0005         -1.4430         262.90
12:24:34         2.29794098316926         198.5825         -1.6850         263.00
12:24:38         2.19794101139409         157.7397         -1.9720         262.90
12:24:42         2.09794100637999         125.2971         -2.3070         262.90
12:24:46         1.99794134816669         99.5271         -2.6950         262.90
12:24:49         1.8979408705064         79.0571         -3.0750         262.90
12:24:53         1.79794096059111         62.7973         -3.5010         262.90
12:24:57         1.69794123397439         49.8817         -3.9340         263.00
12:25:01         1.5979407602015         39.6224         -4.2950         262.90
12:25:05         1.49794089938297         31.4732         -4.6060         262.90
12:25:09         1.39794173163867         25.0001         -4.8530         262.90
12:25:13         1.29793988193963         19.8582         -4.9400         263.00
12:25:17         1.19794184111121         15.7740         -4.8490         262.90
12:25:21         1.09794068243622         12.5297         -4.6270         262.90
12:25:25         0.997940898731541         9.9527         -4.2520         262.90
12:25:29         0.897940341373011         7.9057         -3.7540         262.90
12:25:33         0.797938883024152         6.2797         -3.1630         262.90
12:25:37         0.697943874369764         4.9882         -2.5080         262.90
12:25:41         0.597936385571892         3.9622         -1.9150         262.90
12:25:45         0.497938142432874         3.1473         -1.4240         262.90
12:25:49         0.397940008672038         2.5000         -0.9967         262.90
12:25:53         0.29793551244985         1.9858         -0.7368         262.90
12:25:57         0.197941827982788         1.5774         -0.4768         262.90
12:26:01         0.0979510782661857         1.2530         -0.3247         262.90
#------------------------------------------------------------------
# Дата окончания эксперимента
#----------------------
# 28.04.2022
# 12:26:05
#----------------------
# Количество точек в скане 584
