12:56:21         3.39794000867204         2500.0000         -1.4740         283.40
12:56:24         3.29794002877041         1985.8207         -1.5900         283.40
12:56:28         3.19794009555258         1577.3937         -1.8490         283.40
12:56:32         3.09794019718123         1252.9686         -2.1830         283.40
12:56:36         2.99794030947142         995.2686         -2.5560         283.40
12:56:40         2.89794040109701         790.5701         -3.0050         283.40
12:56:44         2.79794048044319         627.9723         -3.5270         283.40
12:56:48         2.69794064943186         498.8163         -4.0440         283.40
12:56:52         2.59794067657697         396.2239         -4.5570         283.40
12:56:56         2.4979407677867         314.7319         -5.0900         283.40
12:57:00         2.3979408834098         250.0005         -5.5600         283.40
12:57:04         2.29794098316926         198.5825         -5.9270         283.40
12:57:08         2.19794101139409         157.7397         -6.1860         283.40
12:57:12         2.09794100637999         125.2971         -6.2790         283.40
12:57:16         1.99794134816669         99.5271         -6.1530         283.40
12:57:20         1.8979408705064         79.0571         -5.8060         283.40
12:57:24         1.79794096059111         62.7973         -5.2960         283.40
12:57:28         1.69794123397439         49.8817         -4.6230         283.40
12:57:32         1.5979407602015         39.6224         -3.8510         283.40
12:57:36         1.49794089938297         31.4732         -3.0700         283.40
12:57:40         1.39794173163867         25.0001         -2.3580         283.40
12:57:44         1.29793988193963         19.8582         -1.7270         283.40
12:57:48         1.19794184111121         15.7740         -1.2360         283.40
12:57:51         1.09794068243622         12.5297         -0.8499         283.40
12:57:55         0.997940898731541         9.9527         -0.5586         283.40
12:57:59         0.897940341373011         7.9057         -0.3322         283.40
12:58:03         0.797938883024152         6.2797         -0.2214         283.40
12:58:07         0.697943874369764         4.9882         -0.1315         283.40
12:58:11         0.597936385571892         3.9622         -0.1003         283.40
12:58:15         0.497938142432874         3.1473         -0.0760         283.40
12:58:19         0.397940008672038         2.5000         -0.0798         283.40
12:58:23         0.29793551244985         1.9858         -0.1186         283.40
12:58:27         0.197941827982788         1.5774         -0.0900         283.40
12:58:31         0.0979510782661857         1.2530         -0.0560         283.40
#------------------------------------------------------------------
# Дата окончания эксперимента
#----------------------
# 05.05.2022
# 12:58:36
#----------------------
# Количество точек в скане 732
