15:46:59         3.39794000867204         2500.0000         -6.3190         303.40
15:47:03         3.29794002877041         1985.8207         -6.0100         303.40
15:47:07         3.19794009555258         1577.3937         -5.8310         303.40
15:47:11         3.09794019718123         1252.9686         -5.6080         303.40
15:47:15         2.99794030947142         995.2686         -5.3710         303.40
15:47:19         2.89794040109701         790.5701         -4.8580         303.40
15:47:23         2.79794048044319         627.9723         -4.3910         303.40
15:47:27         2.69794064943186         498.8163         -3.8580         303.40
15:47:31         2.59794067657697         396.2239         -3.3330         303.40
15:47:35         2.4979407677867         314.7319         -2.5900         303.40
15:47:39         2.3979408834098         250.0005         -2.1600         303.40
15:47:42         2.29794098316926         198.5825         -1.6310         303.40
15:47:46         2.19794101139409         157.7397         -1.3180         303.40
15:47:50         2.09794100637999         125.2971         -1.0650         303.40
15:47:54         1.99794134816669         99.5271         -0.8263         303.40
15:47:58         1.8979408705064         79.0571         -0.4945         303.40
15:48:02         1.79794096059111         62.7973         -0.3569         303.40
15:48:06         1.69794123397439         49.8817         -0.2698         303.40
15:48:10         1.5979407602015         39.6224         -0.2791         303.40
15:48:14         1.49794089938297         31.4732         -0.1857         303.40
15:48:18         1.39794173163867         25.0001         -0.5090         303.40
15:48:22         1.29793988193963         19.8582         -0.4489         303.40
15:48:26         1.19794184111121         15.7740         -0.4652         303.40
15:48:30         1.09794068243622         12.5297         -0.3116         303.40
15:48:34         0.997940898731541         9.9527         -0.1385         303.40
15:48:38         0.897940341373011         7.9057         -0.1176         303.40
15:48:42         0.797938883024152         6.2797         -0.2290         303.40
15:48:46         0.697943874369764         4.9882         -0.2579         303.40
15:48:50         0.597936385571892         3.9622         -0.1057         303.40
15:48:54         0.497938142432874         3.1473         -0.0963         303.40
15:48:57         0.397940008672038         2.5000         -0.1166         303.40
15:49:01         0.29793551244985         1.9858         -0.3743         303.40
15:49:06         0.197941827982788         1.5774         0.3288         303.40
15:49:10         0.0979510782661857         1.2530         0.2661         303.40
#------------------------------------------------------------------
# Дата окончания эксперимента
#----------------------
# 11.05.2022
# 15:49:15
#----------------------
# Количество точек в скане 1145
