14:58:13         3.39794000867204         2500.0000         -1.3160         262.60
14:58:17         3.29794002877041         1985.8207         -1.4760         262.60
14:58:21         3.19794009555258         1577.3937         -1.5820         262.60
14:58:25         3.09794019718123         1252.9686         -1.4460         262.60
14:58:29         2.99794030947142         995.2686         -1.6730         262.60
14:58:33         2.89794040109701         790.5701         -1.8840         262.60
14:58:37         2.79794048044319         627.9723         -1.7770         262.60
14:58:40         2.69794064943186         498.8163         -1.7400         262.60
14:58:44         2.59794067657697         396.2239         -1.6510         262.60
14:58:48         2.4979407677867         314.7319         -2.1460         262.60
14:58:52         2.3979408834098         250.0005         -2.3000         262.60
14:58:56         2.29794098316926         198.5825         -2.6540         262.60
14:59:00         2.19794101139409         157.7397         -2.9180         262.60
14:59:04         2.09794100637999         125.2971         -3.0250         262.60
14:59:08         1.99794134816669         99.5271         -3.4860         262.60
14:59:12         1.8979408705064         79.0571         -4.1490         262.60
14:59:16         1.79794096059111         62.7973         -3.4420         262.60
14:59:20         1.69794123397439         49.8817         -3.3090         262.60
14:59:24         1.5979407602015         39.6224         -3.1750         262.60
14:59:28         1.49794089938297         31.4732         -2.9900         262.60
14:59:32         1.39794173163867         25.0001         -2.9180         262.60
14:59:36         1.29793988193963         19.8582         -2.4500         262.60
14:59:40         1.19794184111121         15.7740         -2.4610         262.60
14:59:44         1.09794068243622         12.5297         -2.3340         262.60
14:59:48         0.997940898731541         9.9527         -1.9970         262.60
14:59:52         0.897940341373011         7.9057         -1.3540         262.60
14:59:56         0.797938883024152         6.2797         -1.0640         262.60
15:00:00         0.697943874369764         4.9882         -1.0500         262.60
15:00:03         0.597936385571892         3.9622         -1.0670         262.60
15:00:07         0.497938142432874         3.1473         -0.7576         262.60
15:00:11         0.397940008672038         2.5000         -0.4730         262.60
15:00:15         0.29793551244985         1.9858         -0.7077         262.60
15:00:19         0.197941827982788         1.5774         -0.1587         262.60
15:00:23         0.0979510782661857         1.2530         -0.4471         262.60
#------------------------------------------------------------------
# Дата окончания эксперимента
#----------------------
# 29.04.2022
# 15:00:28
#----------------------
# Количество точек в скане 1171
