12:18:06         3.39794000867204         2500.0000         -0.5032         262.60
12:18:10         3.29794002877041         1985.8207         -0.5923         262.60
12:18:14         3.19794009555258         1577.3937         -0.6697         262.60
12:18:18         3.09794019718123         1252.9686         -0.7285         262.60
12:18:22         2.99794030947142         995.2686         -0.8047         262.60
12:18:26         2.89794040109701         790.5701         -0.8716         262.60
12:18:30         2.79794048044319         627.9723         -0.9918         262.60
12:18:34         2.69794064943186         498.8163         -1.1020         262.60
12:18:38         2.59794067657697         396.2239         -1.3220         262.60
12:18:42         2.4979407677867         314.7319         -1.5270         262.60
12:18:46         2.3979408834098         250.0005         -1.7270         262.60
12:18:50         2.29794098316926         198.5825         -1.9820         262.60
12:18:54         2.19794101139409         157.7397         -2.2480         262.60
12:18:58         2.09794100637999         125.2971         -2.4890         262.60
12:19:02         1.99794134816669         99.5271         -2.7460         262.60
12:19:06         1.8979408705064         79.0571         -3.2230         262.60
12:19:10         1.79794096059111         62.7973         -3.3600         262.60
12:19:14         1.69794123397439         49.8817         -3.5040         262.60
12:19:17         1.5979407602015         39.6224         -3.6390         262.60
12:19:21         1.49794089938297         31.4732         -3.7290         262.60
12:19:25         1.39794173163867         25.0001         -3.7450         262.60
12:19:29         1.29793988193963         19.8582         -3.6760         262.60
12:19:33         1.19794184111121         15.7740         -3.5200         262.60
12:19:37         1.09794068243622         12.5297         -3.2250         262.60
12:19:41         0.997940898731541         9.9527         -2.8440         262.60
12:19:45         0.897940341373011         7.9057         -2.3800         262.60
12:19:49         0.797938883024152         6.2797         -1.9760         262.60
12:19:53         0.697943874369764         4.9882         -1.5790         262.60
12:19:57         0.597936385571892         3.9622         -1.2430         262.60
12:20:01         0.497938142432874         3.1473         -0.9450         262.60
12:20:05         0.397940008672038         2.5000         -0.7803         262.60
12:20:09         0.29793551244985         1.9858         -0.5513         262.60
12:20:13         0.197941827982788         1.5774         -0.3891         262.60
12:20:17         0.0979510782661857         1.2530         -0.3331         262.60
#------------------------------------------------------------------
# Дата окончания эксперимента
#----------------------
# 29.04.2022
# 12:20:22
#----------------------
# Количество точек в скане 321
