12:32:20         3.39794000867204         2500.0000         -3.6670         303.40
12:32:24         3.29794002877041         1985.8207         -3.8320         303.40
12:32:28         3.19794009555258         1577.3937         -4.1510         303.40
12:32:32         3.09794019718123         1252.9686         -4.4970         303.40
12:32:36         2.99794030947142         995.2686         -4.7810         303.40
12:32:40         2.89794040109701         790.5701         -4.9070         303.40
12:32:44         2.79794048044319         627.9723         -4.9170         303.40
12:32:48         2.69794064943186         498.8163         -4.7350         303.40
12:32:52         2.59794067657697         396.2239         -4.4220         303.40
12:32:55         2.4979407677867         314.7319         -3.9650         303.40
12:32:59         2.3979408834098         250.0005         -3.4130         303.40
12:33:03         2.29794098316926         198.5825         -2.8080         303.40
12:33:07         2.19794101139409         157.7397         -2.2150         303.40
12:33:11         2.09794100637999         125.2971         -1.6790         303.40
12:33:15         1.99794134816669         99.5271         -1.2160         303.40
12:33:19         1.8979408705064         79.0571         -0.8592         303.40
12:33:23         1.79794096059111         62.7973         -0.5638         303.40
12:33:27         1.69794123397439         49.8817         -0.3693         303.40
12:33:31         1.5979407602015         39.6224         -0.2357         303.40
12:33:35         1.49794089938297         31.4732         -0.1407         303.40
12:33:39         1.39794173163867         25.0001         -0.0876         303.40
12:33:43         1.29793988193963         19.8582         -0.0731         303.40
12:33:47         1.19794184111121         15.7740         -0.0575         303.40
12:33:51         1.09794068243622         12.5297         -0.0322         303.40
12:33:55         0.997940898731541         9.9527         -0.0328         303.40
12:33:59         0.897940341373011         7.9057         -0.0223         303.40
12:34:03         0.797938883024152         6.2797         -0.0386         303.40
12:34:07         0.697943874369764         4.9882         -0.0626         303.40
12:34:11         0.597936385571892         3.9622         -0.0523         303.40
12:34:15         0.497938142432874         3.1473         -0.0589         303.40
12:34:18         0.397940008672038         2.5000         -0.0499         303.40
12:34:22         0.29793551244985         1.9858         -0.0475         303.40
12:34:26         0.197941827982788         1.5774         -0.0726         303.40
12:34:30         0.0979510782661857         1.2530         -0.0475         303.40
#------------------------------------------------------------------
# Дата окончания эксперимента
#----------------------
# 11.05.2022
# 12:34:35
#----------------------
# Количество точек в скане 220
