14:29:22         3.39794000867204         2500.0000         -1.7810         283.40
14:29:26         3.29794002877041         1985.8207         -1.9290         283.40
14:29:30         3.19794009555258         1577.3937         -2.2450         283.40
14:29:34         3.09794019718123         1252.9686         -2.6360         283.40
14:29:38         2.99794030947142         995.2686         -3.1250         283.40
14:29:42         2.89794040109701         790.5701         -3.6650         283.40
14:29:46         2.79794048044319         627.9723         -4.2190         283.40
14:29:50         2.69794064943186         498.8163         -4.8210         283.40
14:29:54         2.59794067657697         396.2239         -5.4220         283.40
14:29:58         2.4979407677867         314.7319         -6.0040         283.40
14:30:02         2.3979408834098         250.0005         -6.5330         283.40
14:30:06         2.29794098316926         198.5825         -6.9470         283.40
14:30:10         2.19794101139409         157.7397         -7.2020         283.40
14:30:14         2.09794100637999         125.2971         -7.2600         283.40
14:30:18         1.99794134816669         99.5271         -7.0920         283.40
14:30:22         1.8979408705064         79.0571         -6.6580         283.40
14:30:26         1.79794096059111         62.7973         -6.0270         283.40
14:30:30         1.69794123397439         49.8817         -5.2310         283.40
14:30:34         1.5979407602015         39.6224         -4.3660         283.40
14:30:38         1.49794089938297         31.4732         -3.4540         283.40
14:30:42         1.39794173163867         25.0001         -2.6410         283.40
14:30:45         1.29793988193963         19.8582         -1.9550         283.40
14:30:49         1.19794184111121         15.7740         -1.3910         283.40
14:30:53         1.09794068243622         12.5297         -0.9503         283.40
14:30:57         0.997940898731541         9.9527         -0.6302         283.40
14:31:01         0.897940341373011         7.9057         -0.3920         283.40
14:31:05         0.797938883024152         6.2797         -0.2495         283.40
14:31:09         0.697943874369764         4.9882         -0.1300         283.40
14:31:13         0.597936385571892         3.9622         -0.0587         283.40
14:31:17         0.497938142432874         3.1473         -0.0633         283.40
14:31:21         0.397940008672038         2.5000         -0.0345         283.40
14:31:25         0.29793551244985         1.9858         -0.0374         283.40
14:31:29         0.197941827982788         1.5774         -0.0345         283.40
14:31:33         0.0979510782661857         1.2530         -0.0543         283.40
#------------------------------------------------------------------
# Дата окончания эксперимента
#----------------------
# 05.05.2022
# 14:31:38
#----------------------
# Количество точек в скане 1461
