14:00:03         3.39794000867204         2500.0000         -2.3510         283.40
14:00:07         3.29794002877041         1985.8207         -2.5190         283.40
14:00:11         3.19794009555258         1577.3937         -2.8960         283.40
14:00:15         3.09794019718123         1252.9686         -3.2860         283.40
14:00:19         2.99794030947142         995.2686         -3.8130         283.40
14:00:23         2.89794040109701         790.5701         -4.3840         283.40
14:00:27         2.79794048044319         627.9723         -4.9350         283.50
14:00:30         2.69794064943186         498.8163         -5.4870         283.50
14:00:34         2.59794067657697         396.2239         -6.0000         283.50
14:00:38         2.4979407677867         314.7319         -6.4890         283.50
14:00:42         2.3979408834098         250.0005         -6.9040         283.50
14:00:46         2.29794098316926         198.5825         -7.1800         283.40
14:00:50         2.19794101139409         157.7397         -7.2750         283.40
14:00:54         2.09794100637999         125.2971         -7.2230         283.50
14:00:58         1.99794134816669         99.5271         -6.8540         283.50
14:01:02         1.8979408705064         79.0571         -6.2920         283.40
14:01:06         1.79794096059111         62.7973         -5.6300         283.40
14:01:10         1.69794123397439         49.8817         -4.8580         283.40
14:01:14         1.5979407602015         39.6224         -3.9840         283.50
14:01:18         1.49794089938297         31.4732         -3.1580         283.50
14:01:22         1.39794173163867         25.0001         -2.4270         283.40
14:01:26         1.29793988193963         19.8582         -1.7590         283.50
14:01:30         1.19794184111121         15.7740         -1.2520         283.40
14:01:34         1.09794068243622         12.5297         -0.8557         283.40
14:01:38         0.997940898731541         9.9527         -0.5682         283.50
14:01:42         0.897940341373011         7.9057         -0.3734         283.50
14:01:46         0.797938883024152         6.2797         -0.2745         283.40
14:01:50         0.697943874369764         4.9882         -0.2304         283.40
14:01:53         0.597936385571892         3.9622         -0.2187         283.50
14:01:57         0.497938142432874         3.1473         -0.1952         283.40
14:02:01         0.397940008672038         2.5000         -0.1257         283.40
14:02:05         0.29793551244985         1.9858         -0.1262         283.50
14:02:09         0.197941827982788         1.5774         -0.1399         283.50
14:02:13         0.0979510782661857         1.2530         -0.0966         283.50
#------------------------------------------------------------------
# Дата окончания эксперимента
#----------------------
# 05.05.2022
# 14:02:18
#----------------------
# Количество точек в скане 1253
