14:15:28         3.39794000867204         2500.0000         -6.6250         303.40
14:15:32         3.29794002877041         1985.8207         -6.8550         303.40
14:15:36         3.19794009555258         1577.3937         -7.3100         303.40
14:15:40         3.09794019718123         1252.9686         -7.7600         303.40
14:15:44         2.99794030947142         995.2686         -8.1330         303.40
14:15:48         2.89794040109701         790.5701         -8.2880         303.40
14:15:52         2.79794048044319         627.9723         -8.2370         303.40
14:15:56         2.69794064943186         498.8163         -7.9480         303.40
14:16:00         2.59794067657697         396.2239         -7.2920         303.40
14:16:04         2.4979407677867         314.7319         -6.4710         303.40
14:16:08         2.3979408834098         250.0005         -5.5000         303.40
14:16:12         2.29794098316926         198.5825         -4.5010         303.40
14:16:16         2.19794101139409         157.7397         -3.5390         303.40
14:16:19         2.09794100637999         125.2971         -2.6800         303.40
14:16:23         1.99794134816669         99.5271         -2.0030         303.40
14:16:27         1.8979408705064         79.0571         -1.3860         303.40
14:16:31         1.79794096059111         62.7973         -0.9389         303.40
14:16:35         1.69794123397439         49.8817         -0.6316         303.40
14:16:39         1.5979407602015         39.6224         -0.4208         303.40
14:16:43         1.49794089938297         31.4732         -0.2884         303.40
14:16:47         1.39794173163867         25.0001         -0.2097         303.40
14:16:51         1.29793988193963         19.8582         -0.1410         303.40
14:16:55         1.19794184111121         15.7740         -0.1532         303.40
14:16:59         1.09794068243622         12.5297         -0.1375         303.40
14:17:03         0.997940898731541         9.9527         -0.1062         303.40
14:17:07         0.897940341373011         7.9057         -0.0967         303.40
14:17:11         0.797938883024152         6.2797         -0.1175         303.40
14:17:15         0.697943874369764         4.9882         -0.0777         303.40
14:17:19         0.597936385571892         3.9622         -0.0766         303.40
14:17:23         0.497938142432874         3.1473         -0.1051         303.40
14:17:27         0.397940008672038         2.5000         -0.0861         303.40
14:17:30         0.29793551244985         1.9858         -0.1366         303.40
14:17:34         0.197941827982788         1.5774         -0.1961         303.40
14:17:38         0.0979510782661857         1.2530         -0.1102         303.40
#------------------------------------------------------------------
# Дата окончания эксперимента
#----------------------
# 11.05.2022
# 14:17:43
#----------------------
# Количество точек в скане 828
