12:24:57         3.39794000867204         2500.0000         -1.2970         283.40
12:25:01         3.29794002877041         1985.8207         -1.4060         283.40
12:25:05         3.19794009555258         1577.3937         -1.6350         283.40
12:25:09         3.09794019718123         1252.9686         -1.9100         283.40
12:25:13         2.99794030947142         995.2686         -2.2550         283.40
12:25:17         2.89794040109701         790.5701         -2.6190         283.40
12:25:21         2.79794048044319         627.9723         -3.0540         283.40
12:25:25         2.69794064943186         498.8163         -3.5180         283.40
12:25:29         2.59794067657697         396.2239         -3.9420         283.40
12:25:33         2.4979407677867         314.7319         -4.3560         283.40
12:25:37         2.3979408834098         250.0005         -4.7330         283.40
12:25:41         2.29794098316926         198.5825         -5.0130         283.40
12:25:45         2.19794101139409         157.7397         -5.1900         283.40
12:25:49         2.09794100637999         125.2971         -5.2580         283.40
12:25:53         1.99794134816669         99.5271         -5.1570         283.40
12:25:57         1.8979408705064         79.0571         -4.8910         283.40
12:26:01         1.79794096059111         62.7973         -4.4220         283.40
12:26:05         1.69794123397439         49.8817         -3.8340         283.40
12:26:09         1.5979407602015         39.6224         -3.2040         283.40
12:26:12         1.49794089938297         31.4732         -2.5420         283.40
12:26:16         1.39794173163867         25.0001         -1.9370         283.40
12:26:20         1.29793988193963         19.8582         -1.4430         283.40
12:26:24         1.19794184111121         15.7740         -1.0110         283.40
12:26:28         1.09794068243622         12.5297         -0.7307         283.40
12:26:32         0.997940898731541         9.9527         -0.4858         283.40
12:26:36         0.897940341373011         7.9057         -0.3230         283.40
12:26:40         0.797938883024152         6.2797         -0.1888         283.40
12:26:44         0.697943874369764         4.9882         -0.1425         283.40
12:26:48         0.597936385571892         3.9622         -0.1003         283.40
12:26:52         0.497938142432874         3.1473         -0.0792         283.40
12:26:56         0.397940008672038         2.5000         -0.0699         283.40
12:27:00         0.29793551244985         1.9858         -0.0230         283.40
12:27:04         0.197941827982788         1.5774         -0.0452         283.40
12:27:08         0.0979510782661857         1.2530         -0.0938         283.40
#------------------------------------------------------------------
# Дата окончания эксперимента
#----------------------
# 05.05.2022
# 12:27:13
#----------------------
# Количество точек в скане 487
