15:27:05         3.39794000867204         2500.0000         -5.7570         303.40
15:27:09         3.29794002877041         1985.8207         -6.0340         303.40
15:27:13         3.19794009555258         1577.3937         -6.6250         303.40
15:27:17         3.09794019718123         1252.9686         -7.2460         303.40
15:27:21         2.99794030947142         995.2686         -7.7740         303.40
15:27:25         2.89794040109701         790.5701         -8.1030         303.40
15:27:29         2.79794048044319         627.9723         -8.2010         303.40
15:27:33         2.69794064943186         498.8163         -8.0070         303.40
15:27:37         2.59794067657697         396.2239         -7.5340         303.40
15:27:41         2.4979407677867         314.7319         -6.8020         303.40
15:27:44         2.3979408834098         250.0005         -5.8970         303.40
15:27:48         2.29794098316926         198.5825         -4.8680         303.40
15:27:52         2.19794101139409         157.7397         -3.8360         303.40
15:27:56         2.09794100637999         125.2971         -2.8990         303.40
15:28:00         1.99794134816669         99.5271         -2.1180         303.40
15:28:04         1.8979408705064         79.0571         -1.4450         303.40
15:28:08         1.79794096059111         62.7973         -1.0020         303.40
15:28:12         1.69794123397439         49.8817         -0.6776         303.40
15:28:16         1.5979407602015         39.6224         -0.4350         303.40
15:28:20         1.49794089938297         31.4732         -0.2710         303.40
15:28:24         1.39794173163867         25.0001         -0.1459         303.40
15:28:28         1.29793988193963         19.8582         -0.0949         303.40
15:28:32         1.19794184111121         15.7740         -0.0546         303.40
15:28:36         1.09794068243622         12.5297         -0.0317         303.40
15:28:40         0.997940898731541         9.9527         -0.0392         303.40
15:28:44         0.897940341373011         7.9057         -0.0519         303.40
15:28:48         0.797938883024152         6.2797         -0.0514         303.40
15:28:52         0.697943874369764         4.9882         -0.0487         303.40
15:28:56         0.597936385571892         3.9622         -0.0430         303.40
15:29:00         0.497938142432874         3.1473         -0.0380         303.40
15:29:03         0.397940008672038         2.5000         -0.0357         303.40
15:29:07         0.29793551244985         1.9858         -0.0220         303.40
15:29:11         0.197941827982788         1.5774         -0.0529         303.40
15:29:15         0.0979510782661857         1.2530         -0.0514         303.40
#------------------------------------------------------------------
# Дата окончания эксперимента
#----------------------
# 11.05.2022
# 15:29:20
#----------------------
# Количество точек в скане 970
