15:35:08         3.39794000867204         2500.0000         -3.9090         303.40
15:35:12         3.29794002877041         1985.8207         -4.0690         303.40
15:35:16         3.19794009555258         1577.3937         -4.3670         303.40
15:35:20         3.09794019718123         1252.9686         -4.6760         303.40
15:35:24         2.99794030947142         995.2686         -4.9100         303.40
15:35:28         2.89794040109701         790.5701         -5.0280         303.40
15:35:32         2.79794048044319         627.9723         -5.0030         303.40
15:35:36         2.69794064943186         498.8163         -4.7990         303.40
15:35:40         2.59794067657697         396.2239         -4.4330         303.40
15:35:44         2.4979407677867         314.7319         -3.9500         303.40
15:35:48         2.3979408834098         250.0005         -3.3780         303.40
15:35:52         2.29794098316926         198.5825         -2.7620         303.40
15:35:56         2.19794101139409         157.7397         -2.1600         303.40
15:36:00         2.09794100637999         125.2971         -1.6250         303.40
15:36:03         1.99794134816669         99.5271         -1.1900         303.40
15:36:07         1.8979408705064         79.0571         -0.8409         303.40
15:36:11         1.79794096059111         62.7973         -0.5870         303.40
15:36:15         1.69794123397439         49.8817         -0.3763         303.40
15:36:19         1.5979407602015         39.6224         -0.2307         303.40
15:36:23         1.49794089938297         31.4732         -0.1410         303.40
15:36:27         1.39794173163867         25.0001         -0.0928         303.40
15:36:31         1.29793988193963         19.8582         -0.0670         303.40
15:36:35         1.19794184111121         15.7740         -0.0612         303.40
15:36:39         1.09794068243622         12.5297         -0.0325         303.40
15:36:43         0.997940898731541         9.9527         -0.0273         303.40
15:36:47         0.897940341373011         7.9057         -0.0331         303.40
15:36:51         0.797938883024152         6.2797         -0.0137         303.40
15:36:55         0.697943874369764         4.9882         -0.0505         303.40
15:36:59         0.597936385571892         3.9622         -0.0450         303.40
15:37:03         0.497938142432874         3.1473         -0.0375         303.40
15:37:07         0.397940008672038         2.5000         -0.0723         303.40
15:37:11         0.29793551244985         1.9858         -0.0475         303.40
15:37:14         0.197941827982788         1.5774         -0.0262         303.40
15:37:18         0.0979510782661857         1.2530         -0.0157         303.40
#------------------------------------------------------------------
# Дата окончания эксперимента
#----------------------
# 11.05.2022
# 15:37:24
#----------------------
# Количество точек в скане 1040
