15:01:48         3.39794000867204         2500.0000         -7.6960         303.30
15:01:52         3.29794002877041         1985.8207         -7.7140         303.30
15:01:56         3.19794009555258         1577.3937         -7.7780         303.30
15:02:00         3.09794019718123         1252.9686         -7.7900         303.30
15:02:04         2.99794030947142         995.2686         -7.5030         303.30
15:02:08         2.89794040109701         790.5701         -7.1840         303.30
15:02:12         2.79794048044319         627.9723         -6.6710         303.30
15:02:16         2.69794064943186         498.8163         -5.7260         303.30
15:02:20         2.59794067657697         396.2239         -4.9580         303.30
15:02:24         2.4979407677867         314.7319         -4.4040         303.30
15:02:28         2.3979408834098         250.0005         -3.6160         303.30
15:02:32         2.29794098316926         198.5825         -2.9130         303.30
15:02:36         2.19794101139409         157.7397         -2.1500         303.30
15:02:40         2.09794100637999         125.2971         -1.7700         303.30
15:02:44         1.99794134816669         99.5271         -1.1190         303.30
15:02:48         1.8979408705064         79.0571         -1.0550         303.30
15:02:52         1.79794096059111         62.7973         -0.8983         303.30
15:02:55         1.69794123397439         49.8817         -0.7149         303.30
15:02:59         1.5979407602015         39.6224         -0.3310         303.30
15:03:03         1.49794089938297         31.4732         -0.3058         303.30
15:03:07         1.39794173163867         25.0001         -0.1848         303.30
15:03:11         1.29793988193963         19.8582         -0.2466         303.30
15:03:15         1.19794184111121         15.7740         -0.1578         303.30
15:03:19         1.09794068243622         12.5297         -0.1051         303.30
15:03:23         0.997940898731541         9.9527         -0.0113         303.30
15:03:27         0.897940341373011         7.9057         -0.3281         303.30
15:03:31         0.797938883024152         6.2797         -0.0278         303.30
15:03:35         0.697943874369764         4.9882         -0.2908         303.30
15:03:39         0.597936385571892         3.9622         -0.4439         303.30
15:03:43         0.497938142432874         3.1473         -0.6190         303.30
15:03:47         0.397940008672038         2.5000         -0.3639         303.30
15:03:51         0.29793551244985         1.9858         -0.0270         303.30
15:03:55         0.197941827982788         1.5774         -1.3090         303.30
15:03:59         0.0979510782661857         1.2530         -0.5495         303.30
#------------------------------------------------------------------
# Дата окончания эксперимента
#----------------------
# 06.05.2022
# 15:04:04
#----------------------
# Количество точек в скане 784
