10:52:35         3.39794000867204         2500.0000         -3.6960         283.40
10:52:39         3.29794002877041         1985.8207         -3.8330         283.40
10:52:43         3.19794009555258         1577.3937         -4.1230         283.40
10:52:47         3.09794019718123         1252.9686         -4.4170         283.40
10:52:51         2.99794030947142         995.2686         -4.6830         283.40
10:52:55         2.89794040109701         790.5701         -5.0030         283.40
10:52:59         2.79794048044319         627.9723         -5.2370         283.40
10:53:03         2.69794064943186         498.8163         -5.3330         283.40
10:53:07         2.59794067657697         396.2239         -5.5240         283.40
10:53:11         2.4979407677867         314.7319         -5.4100         283.40
10:53:15         2.3979408834098         250.0005         -5.2880         283.40
10:53:19         2.29794098316926         198.5825         -5.0010         283.40
10:53:23         2.19794101139409         157.7397         -4.6780         283.40
10:53:27         2.09794100637999         125.2971         -4.3450         283.40
10:53:31         1.99794134816669         99.5271         -3.9510         283.40
10:53:35         1.8979408705064         79.0571         -3.3890         283.40
10:53:39         1.79794096059111         62.7973         -2.9140         283.40
10:53:43         1.69794123397439         49.8817         -2.4070         283.40
10:53:47         1.5979407602015         39.6224         -1.9470         283.40
10:53:51         1.49794089938297         31.4732         -1.5200         283.40
10:53:55         1.39794173163867         25.0001         -1.0220         283.40
10:53:59         1.29793988193963         19.8582         -0.7106         283.40
10:54:02         1.19794184111121         15.7740         -0.5548         283.40
10:54:06         1.09794068243622         12.5297         -0.4446         283.40
10:54:10         0.997940898731541         9.9527         -0.3261         283.40
10:54:14         0.897940341373011         7.9057         -0.1814         283.40
10:54:18         0.797938883024152         6.2797         -0.0449         283.40
10:54:22         0.697943874369764         4.9882         -0.0630         283.40
10:54:26         0.597936385571892         3.9622         0.0511         283.40
10:54:30         0.497938142432874         3.1473         -0.0844         283.40
10:54:34         0.397940008672038         2.5000         -0.0981         283.40
10:54:38         0.29793551244985         1.9858         0.0375         283.40
10:54:42         0.197941827982788         1.5774         0.0783         283.40
10:54:46         0.0979510782661857         1.2530         0.0865         283.40
#------------------------------------------------------------------
# Дата окончания эксперимента
#----------------------
# 06.05.2022
# 10:54:51
#----------------------
# Количество точек в скане 272
