16:01:58         3.39794000867204         2500.0000         -3.4250         283.30
16:02:02         3.29794002877041         1985.8207         -3.6130         283.30
16:02:06         3.19794009555258         1577.3937         -3.8400         283.30
16:02:10         3.09794019718123         1252.9686         -3.8660         283.30
16:02:14         2.99794030947142         995.2686         -3.7480         283.30
16:02:18         2.89794040109701         790.5701         -3.6910         283.30
16:02:21         2.79794048044319         627.9723         -3.3810         283.30
16:02:25         2.69794064943186         498.8163         -3.1840         283.30
16:02:29         2.59794067657697         396.2239         -2.9310         283.30
16:02:33         2.4979407677867         314.7319         -2.8610         283.30
16:02:37         2.3979408834098         250.0005         -2.5220         283.30
16:02:41         2.29794098316926         198.5825         -2.5240         283.30
16:02:45         2.19794101139409         157.7397         -2.2280         283.30
16:02:49         2.09794100637999         125.2971         -2.0130         283.30
16:02:53         1.99794134816669         99.5271         -1.8570         283.30
16:02:57         1.8979408705064         79.0571         -1.1590         283.30
16:03:01         1.79794096059111         62.7973         -1.2220         283.30
16:03:05         1.69794123397439         49.8817         -0.9335         283.30
16:03:09         1.5979407602015         39.6224         -0.4823         283.30
16:03:13         1.49794089938297         31.4732         -0.7428         283.30
16:03:17         1.39794173163867         25.0001         -0.8618         283.30
16:03:21         1.29793988193963         19.8582         -0.5307         283.30
16:03:25         1.19794184111121         15.7740         -0.3569         283.30
16:03:29         1.09794068243622         12.5297         -0.2690         283.30
16:03:33         0.997940898731541         9.9527         -0.4063         283.30
16:03:37         0.897940341373011         7.9057         -0.3311         283.30
16:03:41         0.797938883024152         6.2797         -0.5521         283.30
16:03:44         0.697943874369764         4.9882         -0.2280         283.30
16:03:49         0.597936385571892         3.9622         0.1137         283.30
16:03:53         0.497938142432874         3.1473         0.1364         283.30
16:03:57         0.397940008672038         2.5000         0.3418         283.30
16:04:01         0.29793551244985         1.9858         -0.4956         283.30
16:04:05         0.197941827982788         1.5774         -0.5736         283.30
16:04:09         0.0979510782661857         1.2530         0.1913         283.30
#------------------------------------------------------------------
# Дата окончания эксперимента
#----------------------
# 04.05.2022
# 16:04:14
#----------------------
# Количество точек в скане 595
