11:01:57         3.30102999566398         2000.0000         -5.9000         303.30
11:02:01         3.2010300024141         1588.6565         -6.0170         303.30
11:02:05         3.10103011615342         1261.9150         -6.1200         303.30
11:02:09         3.0010301735954         1002.3749         -6.2050         303.30
11:02:13         2.90103030312168         796.2149         -6.1780         303.30
11:02:17         2.80103039647127         632.4561         -5.9460         303.30
11:02:21         2.70103052547502         502.3779         -5.5790         303.30
11:02:25         2.60103058992606         399.0530         -5.0040         303.30
11:02:29         2.50103062175664         316.9791         -4.3600         303.30
11:02:33         2.40103072845939         251.7855         -3.6630         303.30
11:02:37         2.30103085714815         200.0004         -2.9760         303.30
11:02:41         2.20103095347593         158.8660         -2.3030         303.30
11:02:45         2.10103114542462         126.1918         -1.7280         303.30
11:02:49         2.00103109914944         100.2377         -1.1830         303.30
11:02:53         1.90103088572348         79.6216         -0.9087         303.30
11:02:57         1.80103100942761         63.2457         -0.6252         303.30
11:03:01         1.70103147521753         50.2379         -0.4123         303.30
11:03:05         1.6010305816229         39.9053         -0.2728         303.30
11:03:09         1.50103050154635         31.6979         -0.2014         303.30
11:03:13         1.40103158383445         25.1786         -0.1630         303.30
11:03:16         1.30102999566398         20.0000         -0.0786         303.30
11:03:20         1.20103094826178         15.8866         -0.0597         303.30
11:03:24         1.10103181497473         12.6192         -0.0667         303.30
11:03:28         1.00103238831071         10.0238         -0.0732         303.30
11:03:32         0.901033091280384         7.9622         -0.0375         303.30
11:03:36         0.801033078803748         6.3246         -0.0095         303.30
11:03:40         0.701032332622174         5.0238         -0.0562         303.30
11:03:44         0.601027312238355         3.9905         -0.0827         303.30
11:03:48         0.501031866976549         3.1698         -0.0688         303.30
11:03:52         0.401038476122047         2.5179         -0.0476         303.30
11:03:56         0.301029995663981         2.0000         -0.0453         303.30
11:04:00         0.201041910871892         1.5887         0.0412         303.30
11:04:04         0.101024922497756         1.2619         -0.0391         303.30
11:04:08         0.00104107558772532         1.0024         -0.0037         303.30
#------------------------------------------------------------------
# Дата окончания эксперимента
#----------------------
# 12.05.2022
# 11:04:13
#----------------------
# Количество точек в скане 327
