15:14:50         3.39794000867204         2500.0000         -1.5000         283.20
15:14:54         3.29794002877041         1985.8207         -1.6440         283.30
15:14:58         3.19794009555258         1577.3937         -1.5930         283.30
15:15:02         3.09794019718123         1252.9686         -1.3410         283.30
15:15:06         2.99794030947142         995.2686         -1.2510         283.30
15:15:10         2.89794040109701         790.5701         -1.0780         283.30
15:15:14         2.79794048044319         627.9723         -1.2110         283.30
15:15:18         2.69794064943186         498.8163         -1.3000         283.30
15:15:22         2.59794067657697         396.2239         -1.4820         283.30
15:15:26         2.4979407677867         314.7319         -1.3750         283.30
15:15:30         2.3979408834098         250.0005         -1.1540         283.30
15:15:33         2.29794098316926         198.5825         -1.1520         283.30
15:15:37         2.19794101139409         157.7397         -0.9468         283.30
15:15:41         2.09794100637999         125.2971         -0.8879         283.30
15:15:45         1.99794134816669         99.5271         -0.8502         283.30
15:15:49         1.8979408705064         79.0571         -0.8772         283.30
15:15:53         1.79794096059111         62.7973         -0.5809         283.30
15:15:57         1.69794123397439         49.8817         -0.4974         283.30
15:16:01         1.5979407602015         39.6224         -0.4929         283.30
15:16:05         1.49794089938297         31.4732         -0.3448         283.30
15:16:09         1.39794173163867         25.0001         -0.2823         283.30
15:16:13         1.29793988193963         19.8582         -0.3516         283.30
15:16:17         1.19794184111121         15.7740         -0.5746         283.30
15:16:21         1.09794068243622         12.5297         -0.2191         283.30
15:16:25         0.997940898731541         9.9527         -0.1744         283.30
15:16:29         0.897940341373011         7.9057         -0.1791         283.30
15:16:33         0.797938883024152         6.2797         0.0894         283.30
15:16:37         0.697943874369764         4.9882         -0.0990         283.30
15:16:41         0.597936385571892         3.9622         -0.0482         283.30
15:16:45         0.497938142432874         3.1473         -0.4610         283.30
15:16:49         0.397940008672038         2.5000         -0.3558         283.30
15:16:53         0.29793551244985         1.9858         -0.7971         283.30
15:16:57         0.197941827982788         1.5774         -0.5048         283.30
15:17:01         0.0979510782661857         1.2530         -0.7138         283.30
#------------------------------------------------------------------
# Дата окончания эксперимента
#----------------------
# 04.05.2022
# 15:17:06
#----------------------
# Количество точек в скане 245
