11:38:49         3.30102999566398         2000.0000         -9.1080         303.30
11:38:53         3.2010300024141         1588.6565         -9.1480         303.30
11:38:57         3.10103011615342         1261.9150         -8.9680         303.30
11:39:01         3.0010301735954         1002.3749         -8.7150         303.30
11:39:05         2.90103030312168         796.2149         -8.2240         303.30
11:39:09         2.80103039647127         632.4561         -7.5460         303.30
11:39:13         2.70103052547502         502.3779         -6.8580         303.30
11:39:17         2.60103058992606         399.0530         -6.0370         303.30
11:39:21         2.50103062175664         316.9791         -4.9950         303.30
11:39:25         2.40103072845939         251.7855         -4.0830         303.30
11:39:29         2.30103085714815         200.0004         -3.1870         303.30
11:39:33         2.20103095347593         158.8660         -2.3560         303.30
11:39:37         2.10103114542462         126.1918         -1.7230         303.30
11:39:41         2.00103109914944         100.2377         -1.2660         303.30
11:39:45         1.90103088572348         79.6216         -0.7922         303.30
11:39:49         1.80103100942761         63.2457         -0.5753         303.30
11:39:53         1.70103147521753         50.2379         -0.3915         303.30
11:39:57         1.6010305816229         39.9053         -0.2635         303.30
11:40:01         1.50103050154635         31.6979         -0.2071         303.30
11:40:04         1.40103158383445         25.1786         -0.1346         303.30
11:40:08         1.30102999566398         20.0000         -0.1994         303.30
11:40:12         1.20103094826178         15.8866         -0.2368         303.30
11:40:16         1.10103181497473         12.6192         -0.0920         303.30
11:40:20         1.00103238831071         10.0238         0.0049         303.30
11:40:24         0.901033091280384         7.9622         0.0070         303.30
11:40:28         0.801033078803748         6.3246         -0.0023         303.30
11:40:32         0.701032332622174         5.0238         -0.1302         303.30
11:40:36         0.601027312238355         3.9905         -0.0131         303.30
11:40:40         0.501031866976549         3.1698         -0.0078         303.30
11:40:44         0.401038476122047         2.5179         -0.1492         303.30
11:40:48         0.301029995663981         2.0000         -0.1549         303.30
11:40:52         0.201041910871892         1.5887         -0.0731         303.30
11:40:56         0.101024922497756         1.2619         -0.0453         303.30
11:41:00         0.00104107558772532         1.0024         0.1259         303.30
#------------------------------------------------------------------
# Дата окончания эксперимента
#----------------------
# 12.05.2022
# 11:41:05
#----------------------
# Количество точек в скане 619
