15:58:13         3.39794000867204         2500.0000         -1.5650         283.30
15:58:17         3.29794002877041         1985.8207         -1.5830         283.30
15:58:21         3.19794009555258         1577.3937         -1.7190         283.30
15:58:25         3.09794019718123         1252.9686         -1.9090         283.30
15:58:29         2.99794030947142         995.2686         -2.0130         283.30
15:58:33         2.89794040109701         790.5701         -2.1600         283.30
15:58:37         2.79794048044319         627.9723         -2.2680         283.30
15:58:41         2.69794064943186         498.8163         -2.2880         283.30
15:58:45         2.59794067657697         396.2239         -2.2830         283.30
15:58:49         2.4979407677867         314.7319         -2.2810         283.30
15:58:53         2.3979408834098         250.0005         -2.3190         283.30
15:58:57         2.29794098316926         198.5825         -2.2790         283.30
15:59:01         2.19794101139409         157.7397         -2.1390         283.30
15:59:05         2.09794100637999         125.2971         -1.9200         283.30
15:59:09         1.99794134816669         99.5271         -1.7370         283.30
15:59:13         1.8979408705064         79.0571         -1.6140         283.30
15:59:17         1.79794096059111         62.7973         -1.3490         283.30
15:59:21         1.69794123397439         49.8817         -1.1090         283.30
15:59:25         1.5979407602015         39.6224         -0.9653         283.30
15:59:28         1.49794089938297         31.4732         -0.8145         283.30
15:59:32         1.39794173163867         25.0001         -0.6058         283.30
15:59:36         1.29793988193963         19.8582         -0.4787         283.30
15:59:40         1.19794184111121         15.7740         -0.3986         283.30
15:59:44         1.09794068243622         12.5297         -0.2994         283.30
15:59:48         0.997940898731541         9.9527         -0.2103         283.30
15:59:52         0.897940341373011         7.9057         -0.1021         283.30
15:59:56         0.797938883024152         6.2797         -0.0974         283.30
16:00:00         0.697943874369764         4.9882         -0.1863         283.30
16:00:04         0.597936385571892         3.9622         -0.1860         283.30
16:00:08         0.497938142432874         3.1473         -0.1624         283.30
16:00:12         0.397940008672038         2.5000         -0.1062         283.30
16:00:16         0.29793551244985         1.9858         -0.0772         283.30
16:00:20         0.197941827982788         1.5774         -0.0179         283.30
16:00:24         0.0979510782661857         1.2530         -0.0662         283.30
#------------------------------------------------------------------
# Дата окончания эксперимента
#----------------------
# 04.05.2022
# 16:00:29
#----------------------
# Количество точек в скане 560
