14:31:39         3.39794000867204         2500.0000         -1.0960         262.60
14:31:43         3.29794002877041         1985.8207         -1.1220         262.70
14:31:47         3.19794009555258         1577.3937         -1.2190         262.60
14:31:51         3.09794019718123         1252.9686         -1.3040         262.60
14:31:55         2.99794030947142         995.2686         -1.2370         262.60
14:31:59         2.89794040109701         790.5701         -0.9927         262.60
14:32:03         2.79794048044319         627.9723         -0.9308         262.60
14:32:07         2.69794064943186         498.8163         -1.2450         262.70
14:32:11         2.59794067657697         396.2239         -0.8798         262.60
14:32:15         2.4979407677867         314.7319         -0.8896         262.60
14:32:19         2.3979408834098         250.0005         -1.0490         262.60
14:32:23         2.29794098316926         198.5825         -0.9775         262.70
14:32:26         2.19794101139409         157.7397         -1.0620         262.60
14:32:30         2.09794100637999         125.2971         -1.0700         262.60
14:32:34         1.99794134816669         99.5271         -0.5740         262.60
14:32:38         1.8979408705064         79.0571         -0.2774         262.60
14:32:42         1.79794096059111         62.7973         -0.6458         262.60
14:32:46         1.69794123397439         49.8817         -0.7413         262.60
14:32:50         1.5979407602015         39.6224         -0.7433         262.60
14:32:54         1.49794089938297         31.4732         -0.9964         262.60
14:32:58         1.39794173163867         25.0001         -0.8246         262.60
14:33:02         1.29793988193963         19.8582         -0.4991         262.60
14:33:06         1.19794184111121         15.7740         -0.4599         262.60
14:33:10         1.09794068243622         12.5297         -0.4182         262.60
14:33:14         0.997940898731541         9.9527         -0.4552         262.60
14:33:18         0.897940341373011         7.9057         -0.3976         262.60
14:33:22         0.797938883024152         6.2797         -0.4381         262.60
14:33:26         0.697943874369764         4.9882         -0.4695         262.60
14:33:30         0.597936385571892         3.9622         -0.3621         262.60
14:33:34         0.497938142432874         3.1473         -0.1607         262.60
14:33:38         0.397940008672038         2.5000         -0.0914         262.70
14:33:42         0.29793551244985         1.9858         -0.2252         262.60
14:33:45         0.197941827982788         1.5774         -0.1604         262.60
14:33:50         0.0979510782661857         1.2530         0.1494         262.60
#------------------------------------------------------------------
# Дата окончания эксперимента
#----------------------
# 29.04.2022
# 14:33:55
#----------------------
# Количество точек в скане 1031
