14:25:17         3.39794000867204         2500.0000         -0.6056         262.90
14:25:21         3.29794002877041         1985.8207         -0.6155         262.90
14:25:25         3.19794009555258         1577.3937         -0.6976         262.90
14:25:28         3.09794019718123         1252.9686         -0.7986         262.80
14:25:32         2.99794030947142         995.2686         -0.9772         262.80
14:25:36         2.89794040109701         790.5701         -1.0950         262.80
14:25:40         2.79794048044319         627.9723         -1.2350         262.80
14:25:44         2.69794064943186         498.8163         -1.4110         262.90
14:25:48         2.59794067657697         396.2239         -1.6800         262.90
14:25:52         2.4979407677867         314.7319         -1.9950         262.90
14:25:56         2.3979408834098         250.0005         -2.3370         262.90
14:26:00         2.29794098316926         198.5825         -2.7320         262.90
14:26:04         2.19794101139409         157.7397         -3.1330         262.90
14:26:08         2.09794100637999         125.2971         -3.6570         262.80
14:26:12         1.99794134816669         99.5271         -4.2120         262.90
14:26:16         1.8979408705064         79.0571         -4.8310         262.90
14:26:20         1.79794096059111         62.7973         -5.4190         262.90
14:26:24         1.69794123397439         49.8817         -5.9530         262.90
14:26:28         1.5979407602015         39.6224         -6.4780         262.80
14:26:32         1.49794089938297         31.4732         -6.9130         262.90
14:26:36         1.39794173163867         25.0001         -7.2020         262.80
14:26:40         1.29793988193963         19.8582         -7.2470         262.80
14:26:44         1.19794184111121         15.7740         -7.0570         262.80
14:26:48         1.09794068243622         12.5297         -6.6950         262.80
14:26:52         0.997940898731541         9.9527         -6.1500         262.80
14:26:56         0.897940341373011         7.9057         -5.3750         262.80
14:27:00         0.797938883024152         6.2797         -4.4850         262.80
14:27:03         0.697943874369764         4.9882         -3.5840         262.90
14:27:07         0.597936385571892         3.9622         -2.7880         262.90
14:27:11         0.497938142432874         3.1473         -2.1090         262.90
14:27:15         0.397940008672038         2.5000         -1.5880         262.90
14:27:19         0.29793551244985         1.9858         -1.0670         262.80
14:27:23         0.197941827982788         1.5774         -0.7767         262.90
14:27:27         0.0979510782661857         1.2530         -0.5426         262.80
#------------------------------------------------------------------
# Дата окончания эксперимента
#----------------------
# 28.04.2022
# 14:27:32
#----------------------
# Количество точек в скане 1341
