14:55:38         3.39794000867204         2500.0000         -1.6390         283.20
14:55:42         3.29794002877041         1985.8207         -1.7920         283.20
14:55:46         3.19794009555258         1577.3937         -2.0030         283.20
14:55:50         3.09794019718123         1252.9686         -2.2840         283.20
14:55:54         2.99794030947142         995.2686         -2.6430         283.20
14:55:58         2.89794040109701         790.5701         -3.0230         283.20
14:56:02         2.79794048044319         627.9723         -3.4210         283.20
14:56:06         2.69794064943186         498.8163         -3.8880         283.20
14:56:10         2.59794067657697         396.2239         -4.3100         283.20
14:56:14         2.4979407677867         314.7319         -4.6790         283.20
14:56:18         2.3979408834098         250.0005         -5.0030         283.20
14:56:21         2.29794098316926         198.5825         -5.1900         283.20
14:56:25         2.19794101139409         157.7397         -5.2800         283.20
14:56:29         2.09794100637999         125.2971         -5.2820         283.20
14:56:33         1.99794134816669         99.5271         -5.0850         283.20
14:56:37         1.8979408705064         79.0571         -4.7570         283.20
14:56:41         1.79794096059111         62.7973         -4.2480         283.20
14:56:45         1.69794123397439         49.8817         -3.6490         283.20
14:56:49         1.5979407602015         39.6224         -3.0090         283.20
14:56:53         1.49794089938297         31.4732         -2.3960         283.20
14:56:57         1.39794173163867         25.0001         -1.8050         283.20
14:57:01         1.29793988193963         19.8582         -1.3660         283.20
14:57:05         1.19794184111121         15.7740         -0.9776         283.20
14:57:09         1.09794068243622         12.5297         -0.6454         283.20
14:57:13         0.997940898731541         9.9527         -0.4128         283.20
14:57:17         0.897940341373011         7.9057         -0.3040         283.20
14:57:21         0.797938883024152         6.2797         -0.2184         283.20
14:57:25         0.697943874369764         4.9882         -0.0972         283.20
14:57:29         0.597936385571892         3.9622         -0.1039         283.20
14:57:33         0.497938142432874         3.1473         -0.1074         283.20
14:57:36         0.397940008672038         2.5000         -0.1410         283.20
14:57:40         0.29793551244985         1.9858         -0.1091         283.20
14:57:44         0.197941827982788         1.5774         -0.0218         283.20
14:57:48         0.0979510782661857         1.2530         -0.1012         283.20
#------------------------------------------------------------------
# Дата окончания эксперимента
#----------------------
# 04.05.2022
# 14:57:53
#----------------------
# Количество точек в скане 105
