12:27:16         3.39794000867204         2500.0000         -0.9380         262.60
12:27:20         3.29794002877041         1985.8207         -0.9641         262.60
12:27:24         3.19794009555258         1577.3937         -1.0180         262.60
12:27:28         3.09794019718123         1252.9686         -1.1150         262.60
12:27:32         2.99794030947142         995.2686         -1.1740         262.60
12:27:36         2.89794040109701         790.5701         -1.3850         262.60
12:27:40         2.79794048044319         627.9723         -1.5390         262.60
12:27:44         2.69794064943186         498.8163         -1.7680         262.60
12:27:48         2.59794067657697         396.2239         -1.9780         262.60
12:27:52         2.4979407677867         314.7319         -2.1810         262.60
12:27:56         2.3979408834098         250.0005         -2.3620         262.60
12:28:00         2.29794098316926         198.5825         -2.6590         262.60
12:28:03         2.19794101139409         157.7397         -2.8360         262.60
12:28:07         2.09794100637999         125.2971         -3.0520         262.60
12:28:11         1.99794134816669         99.5271         -3.1990         262.60
12:28:15         1.8979408705064         79.0571         -3.5140         262.60
12:28:19         1.79794096059111         62.7973         -3.6670         262.60
12:28:23         1.69794123397439         49.8817         -3.7670         262.60
12:28:27         1.5979407602015         39.6224         -3.8110         262.60
12:28:31         1.49794089938297         31.4732         -3.7750         262.60
12:28:35         1.39794173163867         25.0001         -3.7040         262.60
12:28:39         1.29793988193963         19.8582         -3.5120         262.60
12:28:43         1.19794184111121         15.7740         -3.0870         262.60
12:28:47         1.09794068243622         12.5297         -2.7560         262.60
12:28:51         0.997940898731541         9.9527         -2.4560         262.60
12:28:55         0.897940341373011         7.9057         -2.1220         262.60
12:28:59         0.797938883024152         6.2797         -1.6840         262.60
12:29:03         0.697943874369764         4.9882         -1.3670         262.60
12:29:07         0.597936385571892         3.9622         -1.0810         262.60
12:29:11         0.497938142432874         3.1473         -0.7803         262.60
12:29:15         0.397940008672038         2.5000         -0.4547         262.60
12:29:18         0.29793551244985         1.9858         -0.2960         262.60
12:29:22         0.197941827982788         1.5774         -0.2631         262.60
12:29:26         0.0979510782661857         1.2530         -0.3537         262.60
#------------------------------------------------------------------
# Дата окончания эксперимента
#----------------------
# 29.04.2022
# 12:29:31
#----------------------
# Количество точек в скане 391
