11:04:58         3.39794000867204         2500.0000         -2.9620         283.50
11:05:02         3.29794002877041         1985.8207         -3.0900         283.40
11:05:06         3.19794009555258         1577.3937         -3.3590         283.40
11:05:10         3.09794019718123         1252.9686         -3.7170         283.40
11:05:14         2.99794030947142         995.2686         -4.0680         283.40
11:05:18         2.89794040109701         790.5701         -4.4120         283.40
11:05:22         2.79794048044319         627.9723         -4.7260         283.50
11:05:25         2.69794064943186         498.8163         -4.9870         283.40
11:05:29         2.59794067657697         396.2239         -5.1960         283.40
11:05:33         2.4979407677867         314.7319         -5.3240         283.40
11:05:37         2.3979408834098         250.0005         -5.3500         283.40
11:05:41         2.29794098316926         198.5825         -5.2060         283.40
11:05:45         2.19794101139409         157.7397         -4.9560         283.40
11:05:49         2.09794100637999         125.2971         -4.5950         283.50
11:05:53         1.99794134816669         99.5271         -4.1880         283.50
11:05:57         1.8979408705064         79.0571         -3.7080         283.50
11:06:01         1.79794096059111         62.7973         -3.1850         283.50
11:06:05         1.69794123397439         49.8817         -2.6360         283.50
11:06:09         1.5979407602015         39.6224         -2.1200         283.50
11:06:13         1.49794089938297         31.4732         -1.6170         283.40
11:06:17         1.39794173163867         25.0001         -1.2270         283.50
11:06:21         1.29793988193963         19.8582         -0.8936         283.50
11:06:25         1.19794184111121         15.7740         -0.6148         283.50
11:06:29         1.09794068243622         12.5297         -0.4478         283.50
11:06:33         0.997940898731541         9.9527         -0.3487         283.50
11:06:37         0.897940341373011         7.9057         -0.2713         283.50
11:06:41         0.797938883024152         6.2797         -0.2188         283.50
11:06:44         0.697943874369764         4.9882         -0.1308         283.50
11:06:48         0.597936385571892         3.9622         -0.1205         283.40
11:06:52         0.497938142432874         3.1473         -0.1234         283.40
11:06:56         0.397940008672038         2.5000         -0.1260         283.50
11:07:00         0.29793551244985         1.9858         -0.1831         283.50
11:07:04         0.197941827982788         1.5774         -0.1326         283.40
11:07:08         0.0979510782661857         1.2530         -0.1376         283.50
#------------------------------------------------------------------
# Дата окончания эксперимента
#----------------------
# 06.05.2022
# 11:07:13
#----------------------
# Количество точек в скане 337
