10:35:44         3.39794000867204         2500.0000         -6.4090         283.40
10:35:48         3.29794002877041         1985.8207         -6.6750         283.40
10:35:52         3.19794009555258         1577.3937         -7.0220         283.40
10:35:56         3.09794019718123         1252.9686         -7.3940         283.40
10:36:00         2.99794030947142         995.2686         -7.5570         283.40
10:36:04         2.89794040109701         790.5701         -7.9580         283.40
10:36:08         2.79794048044319         627.9723         -8.3400         283.40
10:36:12         2.69794064943186         498.8163         -8.4070         283.40
10:36:16         2.59794067657697         396.2239         -8.3710         283.40
10:36:20         2.4979407677867         314.7319         -8.1230         283.40
10:36:24         2.3979408834098         250.0005         -7.8260         283.40
10:36:28         2.29794098316926         198.5825         -7.4220         283.40
10:36:31         2.19794101139409         157.7397         -6.9260         283.40
10:36:35         2.09794100637999         125.2971         -6.0380         283.40
10:36:39         1.99794134816669         99.5271         -5.4640         283.40
10:36:43         1.8979408705064         79.0571         -4.9680         283.40
10:36:47         1.79794096059111         62.7973         -4.0960         283.40
10:36:51         1.69794123397439         49.8817         -3.3100         283.40
10:36:55         1.5979407602015         39.6224         -2.6030         283.40
10:36:59         1.49794089938297         31.4732         -1.9340         283.40
10:37:03         1.39794173163867         25.0001         -1.5470         283.40
10:37:07         1.29793988193963         19.8582         -1.1220         283.40
10:37:11         1.19794184111121         15.7740         -0.7428         283.40
10:37:15         1.09794068243622         12.5297         -0.6424         283.40
10:37:19         0.997940898731541         9.9527         -0.6229         283.40
10:37:23         0.897940341373011         7.9057         -0.3819         283.40
10:37:27         0.797938883024152         6.2797         -0.1979         283.40
10:37:31         0.697943874369764         4.9882         -0.5312         283.40
10:37:35         0.597936385571892         3.9622         -0.4565         283.40
10:37:39         0.497938142432874         3.1473         -0.2202         283.40
10:37:43         0.397940008672038         2.5000         -0.0360         283.40
10:37:47         0.29793551244985         1.9858         0.1894         283.40
10:37:50         0.197941827982788         1.5774         0.0386         283.40
10:37:54         0.0979510782661857         1.2530         -0.1059         283.40
#------------------------------------------------------------------
# Дата окончания эксперимента
#----------------------
# 06.05.2022
# 10:37:59
#----------------------
# Количество точек в скане 191
