15:44:00         3.39794000867204         2500.0000         -1.8260         283.30
15:44:04         3.29794002877041         1985.8207         -1.9270         283.30
15:44:08         3.19794009555258         1577.3937         -2.2210         283.30
15:44:12         3.09794019718123         1252.9686         -2.5430         283.30
15:44:16         2.99794030947142         995.2686         -2.9590         283.30
15:44:20         2.89794040109701         790.5701         -3.3940         283.30
15:44:24         2.79794048044319         627.9723         -3.8970         283.30
15:44:28         2.69794064943186         498.8163         -4.4170         283.30
15:44:32         2.59794067657697         396.2239         -4.8740         283.30
15:44:36         2.4979407677867         314.7319         -5.3280         283.30
15:44:40         2.3979408834098         250.0005         -5.6700         283.30
15:44:44         2.29794098316926         198.5825         -5.9560         283.30
15:44:48         2.19794101139409         157.7397         -6.0760         283.30
15:44:52         2.09794100637999         125.2971         -6.0590         283.30
15:44:56         1.99794134816669         99.5271         -5.8250         283.30
15:45:00         1.8979408705064         79.0571         -5.3960         283.30
15:45:04         1.79794096059111         62.7973         -4.8520         283.30
15:45:08         1.69794123397439         49.8817         -4.1840         283.30
15:45:12         1.5979407602015         39.6224         -3.5300         283.30
15:45:16         1.49794089938297         31.4732         -2.8100         283.30
15:45:19         1.39794173163867         25.0001         -2.1150         283.30
15:45:23         1.29793988193963         19.8582         -1.5840         283.30
15:45:27         1.19794184111121         15.7740         -1.1350         283.30
15:45:31         1.09794068243622         12.5297         -0.7730         283.30
15:45:35         0.997940898731541         9.9527         -0.5663         283.30
15:45:39         0.897940341373011         7.9057         -0.3976         283.30
15:45:43         0.797938883024152         6.2797         -0.2808         283.30
15:45:47         0.697943874369764         4.9882         -0.1584         283.30
15:45:51         0.597936385571892         3.9622         -0.1088         283.30
15:45:55         0.497938142432874         3.1473         -0.1529         283.30
15:45:59         0.397940008672038         2.5000         -0.1129         283.30
15:46:03         0.29793551244985         1.9858         -0.1004         283.30
15:46:07         0.197941827982788         1.5774         -0.0275         283.30
15:46:11         0.0979510782661857         1.2530         -0.0230         283.30
#------------------------------------------------------------------
# Дата окончания эксперимента
#----------------------
# 04.05.2022
# 15:46:16
#----------------------
# Количество точек в скане 455
