13:18:49         3.39794000867204         2500.0000         -0.6645         263.00
13:18:53         3.29794002877041         1985.8207         -0.7013         263.00
13:18:57         3.19794009555258         1577.3937         -0.7971         263.00
13:19:01         3.09794019718123         1252.9686         -0.9164         263.00
13:19:05         2.99794030947142         995.2686         -1.0460         263.00
13:19:09         2.89794040109701         790.5701         -1.2440         263.00
13:19:13         2.79794048044319         627.9723         -1.4420         263.00
13:19:17         2.69794064943186         498.8163         -1.6260         263.00
13:19:21         2.59794067657697         396.2239         -1.8640         263.00
13:19:25         2.4979407677867         314.7319         -2.1770         263.00
13:19:29         2.3979408834098         250.0005         -2.5740         263.00
13:19:33         2.29794098316926         198.5825         -3.0560         262.90
13:19:37         2.19794101139409         157.7397         -3.5610         263.00
13:19:41         2.09794100637999         125.2971         -4.1170         263.00
13:19:45         1.99794134816669         99.5271         -4.7810         263.00
13:19:49         1.8979408705064         79.0571         -5.5670         263.00
13:19:53         1.79794096059111         62.7973         -6.2990         263.00
13:19:56         1.69794123397439         49.8817         -6.9610         263.00
13:20:00         1.5979407602015         39.6224         -7.5930         263.00
13:20:04         1.49794089938297         31.4732         -8.1410         263.00
13:20:08         1.39794173163867         25.0001         -8.4710         263.00
13:20:12         1.29793988193963         19.8582         -8.5670         263.00
13:20:16         1.19794184111121         15.7740         -8.4510         263.00
13:20:20         1.09794068243622         12.5297         -7.9960         263.00
13:20:24         0.997940898731541         9.9527         -7.3000         263.00
13:20:28         0.897940341373011         7.9057         -6.4320         262.90
13:20:32         0.797938883024152         6.2797         -5.4030         263.00
13:20:36         0.697943874369764         4.9882         -4.3290         263.00
13:20:40         0.597936385571892         3.9622         -3.3500         263.00
13:20:44         0.497938142432874         3.1473         -2.5320         263.00
13:20:48         0.397940008672038         2.5000         -1.7770         262.90
13:20:52         0.29793551244985         1.9858         -1.2540         263.00
13:20:56         0.197941827982788         1.5774         -0.8798         263.00
13:21:00         0.0979510782661857         1.2530         -0.6412         263.00
#------------------------------------------------------------------
# Дата окончания эксперимента
#----------------------
# 28.04.2022
# 13:21:05
#----------------------
# Количество точек в скане 961
