12:52:35         3.39794000867204         2500.0000         -1.6530         283.40
12:52:39         3.29794002877041         1985.8207         -1.8110         283.40
12:52:43         3.19794009555258         1577.3937         -2.1080         283.40
12:52:47         3.09794019718123         1252.9686         -2.5090         283.40
12:52:51         2.99794030947142         995.2686         -2.9830         283.40
12:52:55         2.89794040109701         790.5701         -3.5050         283.40
12:52:59         2.79794048044319         627.9723         -4.1020         283.40
12:53:03         2.69794064943186         498.8163         -4.7400         283.40
12:53:07         2.59794067657697         396.2239         -5.3980         283.40
12:53:11         2.4979407677867         314.7319         -6.0440         283.40
12:53:15         2.3979408834098         250.0005         -6.6410         283.40
12:53:19         2.29794098316926         198.5825         -7.1280         283.40
12:53:22         2.19794101139409         157.7397         -7.4820         283.40
12:53:26         2.09794100637999         125.2971         -7.6290         283.40
12:53:30         1.99794134816669         99.5271         -7.5300         283.40
12:53:34         1.8979408705064         79.0571         -7.1940         283.40
12:53:38         1.79794096059111         62.7973         -6.5640         283.40
12:53:42         1.69794123397439         49.8817         -5.7610         283.40
12:53:46         1.5979407602015         39.6224         -4.8050         283.40
12:53:50         1.49794089938297         31.4732         -3.8430         283.40
12:53:54         1.39794173163867         25.0001         -2.9590         283.40
12:53:58         1.29793988193963         19.8582         -2.1860         283.40
12:54:02         1.19794184111121         15.7740         -1.5530         283.40
12:54:06         1.09794068243622         12.5297         -1.0600         283.40
12:54:10         0.997940898731541         9.9527         -0.7080         283.40
12:54:14         0.897940341373011         7.9057         -0.4317         283.40
12:54:18         0.797938883024152         6.2797         -0.2783         283.40
12:54:22         0.697943874369764         4.9882         -0.1952         283.40
12:54:26         0.597936385571892         3.9622         -0.1410         283.40
12:54:30         0.497938142432874         3.1473         -0.0536         283.40
12:54:34         0.397940008672038         2.5000         -0.0050         283.40
12:54:37         0.29793551244985         1.9858         -0.0421         283.40
12:54:41         0.197941827982788         1.5774         -0.0665         283.40
12:54:45         0.0979510782661857         1.2530         -0.0946         283.40
#------------------------------------------------------------------
# Дата окончания эксперимента
#----------------------
# 05.05.2022
# 12:54:50
#----------------------
# Количество точек в скане 697
