14:36:19         3.39794000867204         2500.0000         -3.8420         303.30
14:36:22         3.29794002877041         1985.8207         -4.0280         303.30
14:36:26         3.19794009555258         1577.3937         -4.4110         303.30
14:36:30         3.09794019718123         1252.9686         -4.7870         303.30
14:36:34         2.99794030947142         995.2686         -5.1120         303.30
14:36:38         2.89794040109701         790.5701         -5.3060         303.30
14:36:42         2.79794048044319         627.9723         -5.3350         303.30
14:36:46         2.69794064943186         498.8163         -5.2150         303.40
14:36:50         2.59794067657697         396.2239         -4.9050         303.30
14:36:54         2.4979407677867         314.7319         -4.4180         303.30
14:36:58         2.3979408834098         250.0005         -3.8190         303.30
14:37:03         2.29794098316926         198.5825         -3.1380         303.30
14:37:07         2.19794101139409         157.7397         -2.4600         303.30
14:37:11         2.09794100637999         125.2971         -1.8830         303.30
14:37:14         1.99794134816669         99.5271         -1.4070         303.30
14:37:18         1.8979408705064         79.0571         -0.9853         303.30
14:37:22         1.79794096059111         62.7973         -0.6746         303.30
14:37:26         1.69794123397439         49.8817         -0.4382         303.30
14:37:30         1.5979407602015         39.6224         -0.2718         303.30
14:37:34         1.49794089938297         31.4732         -0.1773         303.30
14:37:38         1.39794173163867         25.0001         -0.1260         303.30
14:37:42         1.29793988193963         19.8582         -0.0845         303.30
14:37:46         1.19794184111121         15.7740         -0.0610         303.30
14:37:50         1.09794068243622         12.5297         -0.0285         303.30
14:37:54         0.997940898731541         9.9527         -0.0386         303.30
14:37:58         0.897940341373011         7.9057         -0.0427         303.30
14:38:02         0.797938883024152         6.2797         -0.0427         303.30
14:38:06         0.697943874369764         4.9882         -0.0363         303.30
14:38:10         0.597936385571892         3.9622         -0.0441         303.30
14:38:14         0.497938142432874         3.1473         -0.0452         303.30
14:38:18         0.397940008672038         2.5000         -0.0453         303.30
14:38:22         0.29793551244985         1.9858         -0.0494         303.30
14:38:25         0.197941827982788         1.5774         -0.0729         303.30
14:38:29         0.0979510782661857         1.2530         -0.0552         303.30
#------------------------------------------------------------------
# Дата окончания эксперимента
#----------------------
# 06.05.2022
# 14:38:34
#----------------------
# Количество точек в скане 565
