14:06:43         3.39794000867204         2500.0000         -1.2910         262.60
14:06:47         3.29794002877041         1985.8207         -1.1740         262.60
14:06:50         3.19794009555258         1577.3937         -1.1050         262.60
14:06:54         3.09794019718123         1252.9686         -1.1050         262.60
14:06:58         2.99794030947142         995.2686         -1.1620         262.60
14:07:02         2.89794040109701         790.5701         -1.2420         262.60
14:07:06         2.79794048044319         627.9723         -1.2400         262.60
14:07:10         2.69794064943186         498.8163         -1.3020         262.60
14:07:14         2.59794067657697         396.2239         -0.9399         262.60
14:07:18         2.4979407677867         314.7319         -1.0170         262.60
14:07:22         2.3979408834098         250.0005         -1.1720         262.60
14:07:26         2.29794098316926         198.5825         -1.2770         262.60
14:07:30         2.19794101139409         157.7397         -1.2720         262.60
14:07:34         2.09794100637999         125.2971         -1.3310         262.60
14:07:38         1.99794134816669         99.5271         -1.6830         262.60
14:07:42         1.8979408705064         79.0571         -1.8930         262.60
14:07:46         1.79794096059111         62.7973         -1.5650         262.60
14:07:50         1.69794123397439         49.8817         -1.0210         262.60
14:07:54         1.5979407602015         39.6224         -0.9998         262.60
14:07:58         1.49794089938297         31.4732         -0.9358         262.60
14:08:02         1.39794173163867         25.0001         -0.8676         262.60
14:08:06         1.29793988193963         19.8582         -0.7365         262.60
14:08:10         1.19794184111121         15.7740         -0.7776         262.60
14:08:14         1.09794068243622         12.5297         -0.7939         262.60
14:08:18         0.997940898731541         9.9527         -0.3487         262.60
14:08:21         0.897940341373011         7.9057         -0.3651         262.60
14:08:25         0.797938883024152         6.2797         -0.2519         262.60
14:08:29         0.697943874369764         4.9882         -0.4053         262.60
14:08:33         0.597936385571892         3.9622         -0.3780         262.60
14:08:37         0.497938142432874         3.1473         -0.3781         262.60
14:08:41         0.397940008672038         2.5000         -0.0832         262.60
14:08:45         0.29793551244985         1.9858         0.1883         262.60
14:08:49         0.197941827982788         1.5774         -0.4105         262.60
14:08:53         0.0979510782661857         1.2530         -0.5103         262.60
#------------------------------------------------------------------
# Дата окончания эксперимента
#----------------------
# 29.04.2022
# 14:08:58
#----------------------
# Количество точек в скане 847
