15:05:47         3.39794000867204         2500.0000         -2.1010         283.20
15:05:51         3.29794002877041         1985.8207         -2.1930         283.20
15:05:55         3.19794009555258         1577.3937         -2.4190         283.20
15:05:59         3.09794019718123         1252.9686         -2.6640         283.30
15:06:03         2.99794030947142         995.2686         -2.9690         283.20
15:06:07         2.89794040109701         790.5701         -3.2980         283.30
15:06:11         2.79794048044319         627.9723         -3.6210         283.20
15:06:15         2.69794064943186         498.8163         -3.9520         283.30
15:06:19         2.59794067657697         396.2239         -4.1390         283.30
15:06:23         2.4979407677867         314.7319         -4.3290         283.30
15:06:27         2.3979408834098         250.0005         -4.4820         283.20
15:06:31         2.29794098316926         198.5825         -4.5390         283.20
15:06:35         2.19794101139409         157.7397         -4.3980         283.20
15:06:39         2.09794100637999         125.2971         -4.2160         283.20
15:06:43         1.99794134816669         99.5271         -4.0700         283.20
15:06:47         1.8979408705064         79.0571         -3.7080         283.20
15:06:51         1.79794096059111         62.7973         -3.2050         283.20
15:06:54         1.69794123397439         49.8817         -2.6230         283.20
15:06:58         1.5979407602015         39.6224         -2.0860         283.20
15:07:02         1.49794089938297         31.4732         -1.6230         283.20
15:07:06         1.39794173163867         25.0001         -1.2350         283.20
15:07:10         1.29793988193963         19.8582         -0.8612         283.20
15:07:14         1.19794184111121         15.7740         -0.5844         283.20
15:07:18         1.09794068243622         12.5297         -0.4501         283.20
15:07:22         0.997940898731541         9.9527         -0.2876         283.20
15:07:26         0.897940341373011         7.9057         -0.1877         283.20
15:07:30         0.797938883024152         6.2797         -0.1869         283.20
15:07:34         0.697943874369764         4.9882         -0.0987         283.20
15:07:38         0.597936385571892         3.9622         0.0035         283.20
15:07:42         0.497938142432874         3.1473         -0.0060         283.20
15:07:46         0.397940008672038         2.5000         0.0594         283.20
15:07:50         0.29793551244985         1.9858         0.0339         283.20
15:07:54         0.197941827982788         1.5774         -0.0371         283.20
15:07:58         0.0979510782661857         1.2530         0.0974         283.20
#------------------------------------------------------------------
# Дата окончания эксперимента
#----------------------
# 04.05.2022
# 15:08:03
#----------------------
# Количество точек в скане 175
