13:26:03         3.39794000867204         2500.0000         -1.6970         283.40
13:26:07         3.29794002877041         1985.8207         -1.8320         283.40
13:26:11         3.19794009555258         1577.3937         -2.1460         283.40
13:26:15         3.09794019718123         1252.9686         -2.5440         283.40
13:26:19         2.99794030947142         995.2686         -3.0120         283.40
13:26:23         2.89794040109701         790.5701         -3.5870         283.40
13:26:27         2.79794048044319         627.9723         -4.1750         283.40
13:26:31         2.69794064943186         498.8163         -4.8180         283.40
13:26:35         2.59794067657697         396.2239         -5.4880         283.40
13:26:39         2.4979407677867         314.7319         -6.0970         283.40
13:26:43         2.3979408834098         250.0005         -6.6690         283.40
13:26:47         2.29794098316926         198.5825         -7.1740         283.40
13:26:50         2.19794101139409         157.7397         -7.5140         283.40
13:26:54         2.09794100637999         125.2971         -7.6070         283.40
13:26:58         1.99794134816669         99.5271         -7.4810         283.40
13:27:02         1.8979408705064         79.0571         -7.1140         283.40
13:27:06         1.79794096059111         62.7973         -6.4800         283.40
13:27:10         1.69794123397439         49.8817         -5.6650         283.40
13:27:14         1.5979407602015         39.6224         -4.7290         283.40
13:27:18         1.49794089938297         31.4732         -3.7870         283.40
13:27:22         1.39794173163867         25.0001         -2.8880         283.40
13:27:26         1.29793988193963         19.8582         -2.1320         283.40
13:27:30         1.19794184111121         15.7740         -1.5220         283.40
13:27:34         1.09794068243622         12.5297         -1.0310         283.40
13:27:38         0.997940898731541         9.9527         -0.6769         283.40
13:27:42         0.897940341373011         7.9057         -0.4709         283.40
13:27:46         0.797938883024152         6.2797         -0.2917         283.40
13:27:50         0.697943874369764         4.9882         -0.1555         283.40
13:27:54         0.597936385571892         3.9622         -0.1038         283.40
13:27:58         0.497938142432874         3.1473         -0.0627         283.40
13:28:02         0.397940008672038         2.5000         -0.0142         283.40
13:28:05         0.29793551244985         1.9858         -0.0682         283.40
13:28:09         0.197941827982788         1.5774         -0.0664         283.40
13:28:13         0.0979510782661857         1.2530         -0.0658         283.40
#------------------------------------------------------------------
# Дата окончания эксперимента
#----------------------
# 05.05.2022
# 13:28:18
#----------------------
# Количество точек в скане 967
