13:38:52         3.39794000867204         2500.0000         -5.6510         303.40
13:38:56         3.29794002877041         1985.8207         -5.9350         303.40
13:39:00         3.19794009555258         1577.3937         -6.5230         303.40
13:39:04         3.09794019718123         1252.9686         -7.1320         303.40
13:39:08         2.99794030947142         995.2686         -7.6520         303.40
13:39:12         2.89794040109701         790.5701         -8.0240         303.40
13:39:16         2.79794048044319         627.9723         -8.1150         303.40
13:39:20         2.69794064943186         498.8163         -7.9810         303.40
13:39:24         2.59794067657697         396.2239         -7.5430         303.40
13:39:28         2.4979407677867         314.7319         -6.8260         303.40
13:39:32         2.3979408834098         250.0005         -5.9150         303.40
13:39:36         2.29794098316926         198.5825         -4.8900         303.40
13:39:40         2.19794101139409         157.7397         -3.8750         303.40
13:39:44         2.09794100637999         125.2971         -2.9320         303.40
13:39:48         1.99794134816669         99.5271         -2.1470         303.40
13:39:51         1.8979408705064         79.0571         -1.5380         303.40
13:39:55         1.79794096059111         62.7973         -1.0360         303.40
13:39:59         1.69794123397439         49.8817         -0.6708         303.40
13:40:03         1.5979407602015         39.6224         -0.4027         303.40
13:40:07         1.49794089938297         31.4732         -0.2422         303.40
13:40:11         1.39794173163867         25.0001         -0.1442         303.40
13:40:15         1.29793988193963         19.8582         -0.0841         303.40
13:40:19         1.19794184111121         15.7740         -0.0583         303.40
13:40:23         1.09794068243622         12.5297         -0.0575         303.40
13:40:27         0.997940898731541         9.9527         -0.0572         303.40
13:40:31         0.897940341373011         7.9057         -0.0459         303.40
13:40:35         0.797938883024152         6.2797         -0.0378         303.40
13:40:39         0.697943874369764         4.9882         -0.0308         303.40
13:40:43         0.597936385571892         3.9622         -0.0504         303.40
13:40:47         0.497938142432874         3.1473         -0.0417         303.40
13:40:51         0.397940008672038         2.5000         -0.0159         303.40
13:40:55         0.29793551244985         1.9858         -0.0612         303.40
13:40:59         0.197941827982788         1.5774         -0.0096         303.40
13:41:03         0.0979510782661857         1.2530         -0.0226         303.40
#------------------------------------------------------------------
# Дата окончания эксперимента
#----------------------
# 11.05.2022
# 13:41:07
#----------------------
# Количество точек в скане 723
