14:53:02         3.39794000867204         2500.0000         -0.9668         262.90
14:53:06         3.29794002877041         1985.8207         -1.0730         262.90
14:53:10         3.19794009555258         1577.3937         -1.1750         262.90
14:53:13         3.09794019718123         1252.9686         -1.1710         262.90
14:53:17         2.99794030947142         995.2686         -1.2410         262.90
14:53:21         2.89794040109701         790.5701         -1.4430         262.90
14:53:25         2.79794048044319         627.9723         -1.7180         262.90
14:53:29         2.69794064943186         498.8163         -1.8540         262.90
14:53:33         2.59794067657697         396.2239         -2.0620         262.90
14:53:37         2.4979407677867         314.7319         -2.4260         262.90
14:53:41         2.3979408834098         250.0005         -2.8540         262.90
14:53:45         2.29794098316926         198.5825         -3.1970         262.90
14:53:49         2.19794101139409         157.7397         -3.5660         262.90
14:53:53         2.09794100637999         125.2971         -3.8610         262.90
14:53:57         1.99794134816669         99.5271         -4.1300         262.90
14:54:01         1.8979408705064         79.0571         -4.5190         262.90
14:54:05         1.79794096059111         62.7973         -4.9290         262.90
14:54:09         1.69794123397439         49.8817         -5.1520         262.90
14:54:13         1.5979407602015         39.6224         -5.2920         262.90
14:54:17         1.49794089938297         31.4732         -5.2920         262.90
14:54:21         1.39794173163867         25.0001         -5.2450         262.90
14:54:25         1.29793988193963         19.8582         -4.9980         262.90
14:54:29         1.19794184111121         15.7740         -4.5950         262.90
14:54:33         1.09794068243622         12.5297         -4.2100         262.90
14:54:37         0.997940898731541         9.9527         -3.7350         262.90
14:54:40         0.897940341373011         7.9057         -3.2100         262.90
14:54:44         0.797938883024152         6.2797         -2.6410         262.90
14:54:48         0.697943874369764         4.9882         -2.0940         262.90
14:54:53         0.597936385571892         3.9622         -1.5530         262.90
14:54:56         0.497938142432874         3.1473         -1.1740         262.90
14:55:00         0.397940008672038         2.5000         -1.0590         262.90
14:55:04         0.29793551244985         1.9858         -0.9041         262.90
14:55:08         0.197941827982788         1.5774         -0.5986         262.90
14:55:12         0.0979510782661857         1.2530         -0.6609         262.90
#------------------------------------------------------------------
# Дата окончания эксперимента
#----------------------
# 28.04.2022
# 14:55:17
#----------------------
# Количество точек в скане 1516
