11:15:22         3.39794000867204         2500.0000         -1.4280         283.00
11:15:26         3.29794002877041         1985.8207         -1.5470         283.00
11:15:30         3.19794009555258         1577.3937         -1.7880         282.90
11:15:34         3.09794019718123         1252.9686         -2.1220         282.90
11:15:38         2.99794030947142         995.2686         -2.5280         283.00
11:15:42         2.89794040109701         790.5701         -2.9870         282.90
11:15:46         2.79794048044319         627.9723         -3.4920         282.90
11:15:50         2.69794064943186         498.8163         -4.0430         282.90
11:15:54         2.59794067657697         396.2239         -4.6250         282.90
11:15:58         2.4979407677867         314.7319         -5.1780         282.90
11:16:02         2.3979408834098         250.0005         -5.6960         283.00
11:16:06         2.29794098316926         198.5825         -6.1190         283.00
11:16:10         2.19794101139409         157.7397         -6.4210         283.00
11:16:14         2.09794100637999         125.2971         -6.5670         283.00
11:16:18         1.99794134816669         99.5271         -6.4960         283.00
11:16:22         1.8979408705064         79.0571         -6.2070         283.00
11:16:26         1.79794096059111         62.7973         -5.6870         283.00
11:16:30         1.69794123397439         49.8817         -4.9910         283.00
11:16:34         1.5979407602015         39.6224         -4.1810         282.90
11:16:37         1.49794089938297         31.4732         -3.3500         283.00
11:16:41         1.39794173163867         25.0001         -2.5960         283.00
11:16:45         1.29793988193963         19.8582         -1.9090         283.00
11:16:49         1.19794184111121         15.7740         -1.3300         283.00
11:16:53         1.09794068243622         12.5297         -0.9116         283.00
11:16:57         0.997940898731541         9.9527         -0.6175         283.00
11:17:01         0.897940341373011         7.9057         -0.3964         283.00
11:17:05         0.797938883024152         6.2797         -0.2559         283.00
11:17:09         0.697943874369764         4.9882         -0.1703         283.00
11:17:13         0.597936385571892         3.9622         -0.0981         282.90
11:17:17         0.497938142432874         3.1473         -0.0755         282.90
11:17:21         0.397940008672038         2.5000         -0.0623         283.00
11:17:25         0.29793551244985         1.9858         -0.0407         283.00
11:17:29         0.197941827982788         1.5774         -0.0354         283.00
11:17:33         0.0979510782661857         1.2530         -0.0584         283.00
#------------------------------------------------------------------
# Дата окончания эксперимента
#----------------------
# 04.05.2022
# 11:17:38
#----------------------
# Количество точек в скане 111
