13:33:31         3.39794000867204         2500.0000         -1.2490         283.50
13:33:34         3.29794002877041         1985.8207         -1.3380         283.40
13:33:38         3.19794009555258         1577.3937         -1.5020         283.40
13:33:42         3.09794019718123         1252.9686         -1.7810         283.40
13:33:46         2.99794030947142         995.2686         -2.0870         283.40
13:33:50         2.89794040109701         790.5701         -2.4230         283.40
13:33:54         2.79794048044319         627.9723         -2.7590         283.50
13:33:58         2.69794064943186         498.8163         -3.1200         283.40
13:34:02         2.59794067657697         396.2239         -3.4670         283.50
13:34:06         2.4979407677867         314.7319         -3.8100         283.50
13:34:10         2.3979408834098         250.0005         -4.0960         283.50
13:34:14         2.29794098316926         198.5825         -4.2930         283.50
13:34:18         2.19794101139409         157.7397         -4.4190         283.50
13:34:22         2.09794100637999         125.2971         -4.4260         283.40
13:34:26         1.99794134816669         99.5271         -4.2760         283.40
13:34:30         1.8979408705064         79.0571         -3.9810         283.50
13:34:34         1.79794096059111         62.7973         -3.5660         283.50
13:34:38         1.69794123397439         49.8817         -3.0760         283.50
13:34:42         1.5979407602015         39.6224         -2.5650         283.50
13:34:46         1.49794089938297         31.4732         -2.0280         283.50
13:34:50         1.39794173163867         25.0001         -1.5290         283.50
13:34:54         1.29793988193963         19.8582         -1.1080         283.50
13:34:58         1.19794184111121         15.7740         -0.7846         283.50
13:35:02         1.09794068243622         12.5297         -0.5482         283.50
13:35:05         0.997940898731541         9.9527         -0.3830         283.50
13:35:09         0.897940341373011         7.9057         -0.2171         283.40
13:35:13         0.797938883024152         6.2797         -0.1361         283.50
13:35:17         0.697943874369764         4.9882         -0.0829         283.50
13:35:21         0.597936385571892         3.9622         -0.0931         283.50
13:35:25         0.497938142432874         3.1473         -0.0790         283.50
13:35:29         0.397940008672038         2.5000         -0.0580         283.50
13:35:33         0.29793551244985         1.9858         -0.0410         283.40
13:35:37         0.197941827982788         1.5774         -0.0197         283.40
13:35:41         0.0979510782661857         1.2530         0.0177         283.40
#------------------------------------------------------------------
# Дата окончания эксперимента
#----------------------
# 05.05.2022
# 13:35:47
#----------------------
# Количество точек в скане 1037
