15:31:16         3.39794000867204         2500.0000         -4.8570         303.40
15:31:20         3.29794002877041         1985.8207         -5.0790         303.40
15:31:24         3.19794009555258         1577.3937         -5.5170         303.40
15:31:28         3.09794019718123         1252.9686         -5.9910         303.40
15:31:32         2.99794030947142         995.2686         -6.3600         303.40
15:31:36         2.89794040109701         790.5701         -6.5790         303.40
15:31:40         2.79794048044319         627.9723         -6.6050         303.40
15:31:44         2.69794064943186         498.8163         -6.4310         303.40
15:31:48         2.59794067657697         396.2239         -6.0090         303.40
15:31:52         2.4979407677867         314.7319         -5.3950         303.40
15:31:56         2.3979408834098         250.0005         -4.6240         303.40
15:32:00         2.29794098316926         198.5825         -3.8050         303.40
15:32:04         2.19794101139409         157.7397         -2.9910         303.40
15:32:07         2.09794100637999         125.2971         -2.2580         303.40
15:32:11         1.99794134816669         99.5271         -1.6490         303.40
15:32:15         1.8979408705064         79.0571         -1.1620         303.40
15:32:19         1.79794096059111         62.7973         -0.7813         303.40
15:32:23         1.69794123397439         49.8817         -0.5263         303.40
15:32:27         1.5979407602015         39.6224         -0.3418         303.40
15:32:31         1.49794089938297         31.4732         -0.2109         303.40
15:32:35         1.39794173163867         25.0001         -0.1213         303.40
15:32:39         1.29793988193963         19.8582         -0.0752         303.40
15:32:43         1.19794184111121         15.7740         -0.0592         303.40
15:32:47         1.09794068243622         12.5297         -0.0336         303.40
15:32:51         0.997940898731541         9.9527         -0.0470         303.40
15:32:55         0.897940341373011         7.9057         -0.0391         303.40
15:32:59         0.797938883024152         6.2797         -0.0432         303.40
15:33:03         0.697943874369764         4.9882         -0.0063         303.40
15:33:07         0.597936385571892         3.9622         -0.0089         303.40
15:33:11         0.497938142432874         3.1473         -0.0334         303.40
15:33:15         0.397940008672038         2.5000         -0.0642         303.40
15:33:19         0.29793551244985         1.9858         -0.0275         303.40
15:33:23         0.197941827982788         1.5774         -0.0455         303.40
15:33:26         0.0979510782661857         1.2530         -0.0581         303.40
#------------------------------------------------------------------
# Дата окончания эксперимента
#----------------------
# 11.05.2022
# 15:33:31
#----------------------
# Количество точек в скане 1005
