14:42:14         3.39794000867204         2500.0000         -0.6100         262.90
14:42:18         3.29794002877041         1985.8207         -0.6514         262.90
14:42:22         3.19794009555258         1577.3937         -0.7040         262.90
14:42:26         3.09794019718123         1252.9686         -0.7761         262.90
14:42:30         2.99794030947142         995.2686         -0.9042         262.90
14:42:34         2.89794040109701         790.5701         -1.0440         262.90
14:42:38         2.79794048044319         627.9723         -1.1650         262.90
14:42:42         2.69794064943186         498.8163         -1.2840         262.90
14:42:46         2.59794067657697         396.2239         -1.5400         262.90
14:42:50         2.4979407677867         314.7319         -1.7990         262.90
14:42:54         2.3979408834098         250.0005         -2.0970         262.90
14:42:58         2.29794098316926         198.5825         -2.4210         262.90
14:43:02         2.19794101139409         157.7397         -2.7900         262.90
14:43:06         2.09794100637999         125.2971         -3.1660         262.90
14:43:10         1.99794134816669         99.5271         -3.5370         262.90
14:43:14         1.8979408705064         79.0571         -3.9080         262.90
14:43:18         1.79794096059111         62.7973         -4.4130         262.90
14:43:22         1.69794123397439         49.8817         -4.8140         262.90
14:43:25         1.5979407602015         39.6224         -5.1870         262.90
14:43:29         1.49794089938297         31.4732         -5.4580         262.90
14:43:33         1.39794173163867         25.0001         -5.5600         262.90
14:43:37         1.29793988193963         19.8582         -5.5160         262.90
14:43:41         1.19794184111121         15.7740         -5.3260         262.90
14:43:45         1.09794068243622         12.5297         -5.0100         262.90
14:43:49         0.997940898731541         9.9527         -4.5340         262.90
14:43:53         0.897940341373011         7.9057         -3.9380         262.90
14:43:57         0.797938883024152         6.2797         -3.2810         262.90
14:44:01         0.697943874369764         4.9882         -2.6530         262.90
14:44:05         0.597936385571892         3.9622         -2.0670         262.90
14:44:09         0.497938142432874         3.1473         -1.5450         262.90
14:44:13         0.397940008672038         2.5000         -1.1480         262.90
14:44:17         0.29793551244985         1.9858         -0.9071         262.90
14:44:21         0.197941827982788         1.5774         -0.7317         262.90
14:44:25         0.0979510782661857         1.2530         -0.5971         262.90
#------------------------------------------------------------------
# Дата окончания эксперимента
#----------------------
# 28.04.2022
# 14:44:30
#----------------------
# Количество точек в скане 1446
