15:25:33         3.39794000867204         2500.0000         -1.4510         283.30
15:25:37         3.29794002877041         1985.8207         -1.5660         283.30
15:25:41         3.19794009555258         1577.3937         -1.8250         283.30
15:25:45         3.09794019718123         1252.9686         -2.1650         283.30
15:25:49         2.99794030947142         995.2686         -2.5730         283.30
15:25:53         2.89794040109701         790.5701         -3.0280         283.30
15:25:57         2.79794048044319         627.9723         -3.5260         283.30
15:26:01         2.69794064943186         498.8163         -4.0750         283.30
15:26:05         2.59794067657697         396.2239         -4.6360         283.30
15:26:09         2.4979407677867         314.7319         -5.1870         283.30
15:26:13         2.3979408834098         250.0005         -5.6920         283.30
15:26:17         2.29794098316926         198.5825         -6.1130         283.30
15:26:21         2.19794101139409         157.7397         -6.4120         283.30
15:26:25         2.09794100637999         125.2971         -6.5390         283.30
15:26:29         1.99794134816669         99.5271         -6.4430         283.30
15:26:33         1.8979408705064         79.0571         -6.1200         283.30
15:26:36         1.79794096059111         62.7973         -5.6140         283.30
15:26:40         1.69794123397439         49.8817         -4.9260         283.30
15:26:44         1.5979407602015         39.6224         -4.1340         283.30
15:26:48         1.49794089938297         31.4732         -3.2880         283.30
15:26:52         1.39794173163867         25.0001         -2.5130         283.30
15:26:56         1.29793988193963         19.8582         -1.8640         283.30
15:27:00         1.19794184111121         15.7740         -1.3130         283.30
15:27:04         1.09794068243622         12.5297         -0.8968         283.30
15:27:08         0.997940898731541         9.9527         -0.5951         283.30
15:27:12         0.897940341373011         7.9057         -0.3893         283.30
15:27:16         0.797938883024152         6.2797         -0.2448         283.30
15:27:20         0.697943874369764         4.9882         -0.1411         283.30
15:27:24         0.597936385571892         3.9622         -0.1025         283.30
15:27:28         0.497938142432874         3.1473         -0.0377         283.30
15:27:32         0.397940008672038         2.5000         -0.0182         283.30
15:27:36         0.29793551244985         1.9858         -0.0339         283.30
15:27:40         0.197941827982788         1.5774         -0.0360         283.30
15:27:44         0.0979510782661857         1.2530         -0.0862         283.30
#------------------------------------------------------------------
# Дата окончания эксперимента
#----------------------
# 04.05.2022
# 15:27:48
#----------------------
# Количество точек в скане 315
