13:13:33         3.39794000867204         2500.0000         -0.7365         263.00
13:13:37         3.29794002877041         1985.8207         -0.7253         263.00
13:13:41         3.19794009555258         1577.3937         -0.7829         263.00
13:13:45         3.09794019718123         1252.9686         -0.8623         263.00
13:13:49         2.99794030947142         995.2686         -1.0190         263.00
13:13:53         2.89794040109701         790.5701         -1.2130         263.00
13:13:57         2.79794048044319         627.9723         -1.3580         263.00
13:14:01         2.69794064943186         498.8163         -1.6160         263.00
13:14:05         2.59794067657697         396.2239         -1.8690         263.00
13:14:09         2.4979407677867         314.7319         -2.1990         263.00
13:14:13         2.3979408834098         250.0005         -2.6050         263.00
13:14:17         2.29794098316926         198.5825         -3.0530         263.00
13:14:21         2.19794101139409         157.7397         -3.5770         263.00
13:14:25         2.09794100637999         125.2971         -4.1620         263.00
13:14:28         1.99794134816669         99.5271         -4.8310         263.00
13:14:32         1.8979408705064         79.0571         -5.5650         263.00
13:14:36         1.79794096059111         62.7973         -6.2960         263.00
13:14:40         1.69794123397439         49.8817         -6.9890         263.00
13:14:44         1.5979407602015         39.6224         -7.6350         263.00
13:14:48         1.49794089938297         31.4732         -8.2310         263.00
13:14:52         1.39794173163867         25.0001         -8.6200         263.00
13:14:56         1.29793988193963         19.8582         -8.7410         263.00
13:15:00         1.19794184111121         15.7740         -8.6530         263.00
13:15:04         1.09794068243622         12.5297         -8.2420         263.00
13:15:08         0.997940898731541         9.9527         -7.4600         263.00
13:15:12         0.897940341373011         7.9057         -6.5630         263.00
13:15:16         0.797938883024152         6.2797         -5.5500         263.00
13:15:20         0.697943874369764         4.9882         -4.4390         263.00
13:15:24         0.597936385571892         3.9622         -3.4390         263.00
13:15:28         0.497938142432874         3.1473         -2.5210         262.90
13:15:32         0.397940008672038         2.5000         -1.8200         263.00
13:15:36         0.29793551244985         1.9858         -1.3140         263.00
13:15:40         0.197941827982788         1.5774         -0.8614         262.90
13:15:43         0.0979510782661857         1.2530         -0.5379         263.00
#------------------------------------------------------------------
# Дата окончания эксперимента
#----------------------
# 28.04.2022
# 13:15:48
#----------------------
# Количество точек в скане 926
