15:43:05         3.39794000867204         2500.0000         -6.9890         303.40
15:43:09         3.29794002877041         1985.8207         -7.1000         303.40
15:43:13         3.19794009555258         1577.3937         -7.3400         303.40
15:43:17         3.09794019718123         1252.9686         -7.4040         303.40
15:43:21         2.99794030947142         995.2686         -7.4550         303.40
15:43:25         2.89794040109701         790.5701         -7.2320         303.40
15:43:29         2.79794048044319         627.9723         -6.8130         303.40
15:43:33         2.69794064943186         498.8163         -6.2660         303.40
15:43:37         2.59794067657697         396.2239         -5.6010         303.40
15:43:41         2.4979407677867         314.7319         -4.7790         303.40
15:43:44         2.3979408834098         250.0005         -3.9320         303.40
15:43:48         2.29794098316926         198.5825         -3.1500         303.40
15:43:52         2.19794101139409         157.7397         -2.4710         303.40
15:43:56         2.09794100637999         125.2971         -1.8260         303.40
15:44:00         1.99794134816669         99.5271         -1.3370         303.40
15:44:04         1.8979408705064         79.0571         -0.8603         303.40
15:44:08         1.79794096059111         62.7973         -0.6325         303.40
15:44:12         1.69794123397439         49.8817         -0.4688         303.40
15:44:16         1.5979407602015         39.6224         -0.3741         303.40
15:44:20         1.49794089938297         31.4732         -0.2638         303.40
15:44:24         1.39794173163867         25.0001         -0.2087         303.40
15:44:28         1.29793988193963         19.8582         -0.1456         303.40
15:44:32         1.19794184111121         15.7740         -0.0563         303.40
15:44:36         1.09794068243622         12.5297         -0.1219         303.40
15:44:40         0.997940898731541         9.9527         -0.1074         303.40
15:44:44         0.897940341373011         7.9057         -0.0383         303.40
15:44:48         0.797938883024152         6.2797         -0.0388         303.40
15:44:52         0.697943874369764         4.9882         -0.0636         303.40
15:44:56         0.597936385571892         3.9622         -0.1877         303.40
15:45:00         0.497938142432874         3.1473         -0.1828         303.40
15:45:03         0.397940008672038         2.5000         -0.0589         303.40
15:45:07         0.29793551244985         1.9858         0.0310         303.40
15:45:11         0.197941827982788         1.5774         -0.0333         303.40
15:45:15         0.0979510782661857         1.2530         -0.2028         303.40
#------------------------------------------------------------------
# Дата окончания эксперимента
#----------------------
# 11.05.2022
# 15:45:20
#----------------------
# Количество точек в скане 1110
