11:44:20         3.39794000867204         2500.0000         -1.1550         283.40
11:44:24         3.29794002877041         1985.8207         -1.2380         283.40
11:44:28         3.19794009555258         1577.3937         -1.4360         283.40
11:44:32         3.09794019718123         1252.9686         -1.7030         283.40
11:44:36         2.99794030947142         995.2686         -2.0090         283.40
11:44:40         2.89794040109701         790.5701         -2.3180         283.40
11:44:44         2.79794048044319         627.9723         -2.6480         283.40
11:44:48         2.69794064943186         498.8163         -3.0010         283.40
11:44:52         2.59794067657697         396.2239         -3.3770         283.40
11:44:56         2.4979407677867         314.7319         -3.7490         283.40
11:45:00         2.3979408834098         250.0005         -4.0790         283.40
11:45:04         2.29794098316926         198.5825         -4.3270         283.40
11:45:08         2.19794101139409         157.7397         -4.4890         283.40
11:45:11         2.09794100637999         125.2971         -4.5080         283.40
11:45:15         1.99794134816669         99.5271         -4.3930         283.40
11:45:19         1.8979408705064         79.0571         -4.1360         283.40
11:45:23         1.79794096059111         62.7973         -3.7610         283.40
11:45:27         1.69794123397439         49.8817         -3.2590         283.40
11:45:31         1.5979407602015         39.6224         -2.7150         283.40
11:45:35         1.49794089938297         31.4732         -2.1630         283.40
11:45:39         1.39794173163867         25.0001         -1.6340         283.40
11:45:43         1.29793988193963         19.8582         -1.1830         283.40
11:45:47         1.19794184111121         15.7740         -0.8524         283.40
11:45:51         1.09794068243622         12.5297         -0.5843         283.40
11:45:55         0.997940898731541         9.9527         -0.3828         283.40
11:45:59         0.897940341373011         7.9057         -0.2342         283.40
11:46:03         0.797938883024152         6.2797         -0.1393         283.40
11:46:07         0.697943874369764         4.9882         -0.1208         283.40
11:46:11         0.597936385571892         3.9622         -0.1076         283.40
11:46:15         0.497938142432874         3.1473         -0.0760         283.40
11:46:19         0.397940008672038         2.5000         -0.0694         283.40
11:46:23         0.29793551244985         1.9858         -0.0452         283.40
11:46:26         0.197941827982788         1.5774         -0.0363         283.40
11:46:30         0.0979510782661857         1.2530         -0.0681         283.40
#------------------------------------------------------------------
# Дата окончания эксперимента
#----------------------
# 05.05.2022
# 11:46:35
#----------------------
# Количество точек в скане 175
