14:22:27         3.39794000867204         2500.0000         -5.2130         303.30
14:22:31         3.29794002877041         1985.8207         -5.4880         303.30
14:22:35         3.19794009555258         1577.3937         -6.0350         303.30
14:22:39         3.09794019718123         1252.9686         -6.6380         303.30
14:22:43         2.99794030947142         995.2686         -7.1590         303.30
14:22:47         2.89794040109701         790.5701         -7.5480         303.30
14:22:51         2.79794048044319         627.9723         -7.6890         303.30
14:22:55         2.69794064943186         498.8163         -7.6060         303.30
14:22:59         2.59794067657697         396.2239         -7.2190         303.30
14:23:03         2.4979407677867         314.7319         -6.5700         303.30
14:23:07         2.3979408834098         250.0005         -5.7190         303.30
14:23:11         2.29794098316926         198.5825         -4.7510         303.30
14:23:15         2.19794101139409         157.7397         -3.7570         303.30
14:23:19         2.09794100637999         125.2971         -2.8570         303.30
14:23:23         1.99794134816669         99.5271         -2.1150         303.30
14:23:27         1.8979408705064         79.0571         -1.5250         303.30
14:23:31         1.79794096059111         62.7973         -1.0220         303.30
14:23:34         1.69794123397439         49.8817         -0.6618         303.30
14:23:38         1.5979407602015         39.6224         -0.4140         303.30
14:23:42         1.49794089938297         31.4732         -0.2702         303.30
14:23:46         1.39794173163867         25.0001         -0.1637         303.30
14:23:50         1.29793988193963         19.8582         -0.0745         303.30
14:23:54         1.19794184111121         15.7740         -0.0577         303.30
14:23:58         1.09794068243622         12.5297         -0.0508         303.30
14:24:02         0.997940898731541         9.9527         -0.0293         303.30
14:24:06         0.897940341373011         7.9057         -0.0307         303.30
14:24:10         0.797938883024152         6.2797         -0.0375         303.30
14:24:14         0.697943874369764         4.9882         -0.0261         303.30
14:24:18         0.597936385571892         3.9622         -0.0410         303.30
14:24:22         0.497938142432874         3.1473         -0.0171         303.30
14:24:26         0.397940008672038         2.5000         -0.0241         303.30
14:24:30         0.29793551244985         1.9858         -0.0180         303.30
14:24:34         0.197941827982788         1.5774         -0.0264         303.30
14:24:38         0.0979510782661857         1.2530         -0.0052         303.30
#------------------------------------------------------------------
# Дата окончания эксперимента
#----------------------
# 06.05.2022
# 14:24:42
#----------------------
# Количество точек в скане 460
