13:39:29         3.39794000867204         2500.0000         -0.7187         262.90
13:39:33         3.29794002877041         1985.8207         -0.7523         262.90
13:39:37         3.19794009555258         1577.3937         -0.7890         262.90
13:39:41         3.09794019718123         1252.9686         -0.8702         262.90
13:39:45         2.99794030947142         995.2686         -1.0160         262.90
13:39:49         2.89794040109701         790.5701         -1.1880         262.90
13:39:53         2.79794048044319         627.9723         -1.3960         262.90
13:39:57         2.69794064943186         498.8163         -1.5870         262.90
13:40:01         2.59794067657697         396.2239         -1.8600         262.90
13:40:05         2.4979407677867         314.7319         -2.2090         262.90
13:40:09         2.3979408834098         250.0005         -2.5690         262.90
13:40:13         2.29794098316926         198.5825         -3.0280         262.90
13:40:17         2.19794101139409         157.7397         -3.5470         262.90
13:40:21         2.09794100637999         125.2971         -4.0970         262.90
13:40:25         1.99794134816669         99.5271         -4.6770         262.90
13:40:29         1.8979408705064         79.0571         -5.2640         262.90
13:40:33         1.79794096059111         62.7973         -5.9470         262.90
13:40:37         1.69794123397439         49.8817         -6.6310         262.90
13:40:41         1.5979407602015         39.6224         -7.2480         262.90
13:40:44         1.49794089938297         31.4732         -7.6550         262.90
13:40:48         1.39794173163867         25.0001         -7.9810         262.90
13:40:52         1.29793988193963         19.8582         -8.0610         262.90
13:40:56         1.19794184111121         15.7740         -7.9010         262.90
13:41:00         1.09794068243622         12.5297         -7.4790         262.90
13:41:04         0.997940898731541         9.9527         -6.8610         262.90
13:41:08         0.897940341373011         7.9057         -5.9840         262.90
13:41:12         0.797938883024152         6.2797         -4.9600         262.90
13:41:16         0.697943874369764         4.9882         -3.9290         262.90
13:41:20         0.597936385571892         3.9622         -3.0430         262.90
13:41:24         0.497938142432874         3.1473         -2.2940         262.90
13:41:28         0.397940008672038         2.5000         -1.6730         262.90
13:41:32         0.29793551244985         1.9858         -1.2270         262.90
13:41:36         0.197941827982788         1.5774         -0.8138         262.90
13:41:40         0.0979510782661857         1.2530         -0.5904         262.90
#------------------------------------------------------------------
# Дата окончания эксперимента
#----------------------
# 28.04.2022
# 13:41:45
#----------------------
# Количество точек в скане 1031
