14:52:25         3.39794000867204         2500.0000         -3.8170         303.30
14:52:29         3.29794002877041         1985.8207         -3.9510         303.30
14:52:33         3.19794009555258         1577.3937         -4.1150         303.30
14:52:37         3.09794019718123         1252.9686         -4.3240         303.30
14:52:41         2.99794030947142         995.2686         -4.4690         303.30
14:52:45         2.89794040109701         790.5701         -4.4800         303.30
14:52:49         2.79794048044319         627.9723         -4.3910         303.30
14:52:53         2.69794064943186         498.8163         -4.1530         303.30
14:52:57         2.59794067657697         396.2239         -3.8440         303.30
14:53:01         2.4979407677867         314.7319         -3.3420         303.30
14:53:05         2.3979408834098         250.0005         -2.8460         303.30
14:53:08         2.29794098316926         198.5825         -2.3330         303.30
14:53:12         2.19794101139409         157.7397         -1.8540         303.30
14:53:16         2.09794100637999         125.2971         -1.4390         303.30
14:53:20         1.99794134816669         99.5271         -1.0900         303.30
14:53:24         1.8979408705064         79.0571         -0.7442         303.30
14:53:28         1.79794096059111         62.7973         -0.5231         303.30
14:53:32         1.69794123397439         49.8817         -0.3531         303.30
14:53:36         1.5979407602015         39.6224         -0.2666         303.30
14:53:40         1.49794089938297         31.4732         -0.1834         303.30
14:53:44         1.39794173163867         25.0001         -0.1685         303.30
14:53:48         1.29793988193963         19.8582         -0.1433         303.30
14:53:52         1.19794184111121         15.7740         -0.1285         303.30
14:53:56         1.09794068243622         12.5297         -0.1071         303.30
14:54:00         0.997940898731541         9.9527         -0.1231         303.30
14:54:04         0.897940341373011         7.9057         -0.1173         303.30
14:54:08         0.797938883024152         6.2797         -0.1184         303.30
14:54:12         0.697943874369764         4.9882         -0.1456         303.30
14:54:16         0.597936385571892         3.9622         -0.0801         303.30
14:54:20         0.497938142432874         3.1473         -0.0917         303.30
14:54:23         0.397940008672038         2.5000         -0.0996         303.30
14:54:27         0.29793551244985         1.9858         -0.1198         303.30
14:54:31         0.197941827982788         1.5774         -0.0887         303.30
14:54:35         0.0979510782661857         1.2530         -0.1834         303.30
#------------------------------------------------------------------
# Дата окончания эксперимента
#----------------------
# 06.05.2022
# 14:54:40
#----------------------
# Количество точек в скане 705
