11:27:36         3.30102999566398         2000.0000         -5.9340         303.30
11:27:40         3.2010300024141         1588.6565         -5.9450         303.30
11:27:44         3.10103011615342         1261.9150         -5.7650         303.30
11:27:48         3.0010301735954         1002.3749         -5.4970         303.30
11:27:52         2.90103030312168         796.2149         -5.1630         303.30
11:27:56         2.80103039647127         632.4561         -4.6690         303.30
11:27:59         2.70103052547502         502.3779         -4.1470         303.30
11:28:03         2.60103058992606         399.0530         -3.6670         303.30
11:28:07         2.50103062175664         316.9791         -3.0360         303.30
11:28:11         2.40103072845939         251.7855         -2.5200         303.30
11:28:15         2.30103085714815         200.0004         -1.9840         303.30
11:28:19         2.20103095347593         158.8660         -1.4340         303.30
11:28:23         2.10103114542462         126.1918         -1.0840         303.30
11:28:27         2.00103109914944         100.2377         -0.7347         303.30
11:28:31         1.90103088572348         79.6216         -0.5759         303.30
11:28:35         1.80103100942761         63.2457         -0.4495         303.30
11:28:39         1.70103147521753         50.2379         -0.3505         303.30
11:28:43         1.6010305816229         39.9053         -0.1981         303.30
11:28:47         1.50103050154635         31.6979         -0.1556         303.30
11:28:51         1.40103158383445         25.1786         -0.1405         303.30
11:28:55         1.30102999566398         20.0000         -0.2296         303.30
11:28:59         1.20103094826178         15.8866         -0.1947         303.30
11:29:03         1.10103181497473         12.6192         -0.1219         303.30
11:29:07         1.00103238831071         10.0238         -0.1544         303.30
11:29:11         0.901033091280384         7.9622         -0.2107         303.30
11:29:15         0.801033078803748         6.3246         -0.1614         303.30
11:29:19         0.701032332622174         5.0238         -0.1730         303.30
11:29:23         0.601027312238355         3.9905         -0.0708         303.30
11:29:26         0.501031866976549         3.1698         -0.0984         303.30
11:29:30         0.401038476122047         2.5179         -0.2534         303.30
11:29:34         0.301029995663981         2.0000         -0.2567         303.30
11:29:38         0.201041910871892         1.5887         -0.0746         303.30
11:29:42         0.101024922497756         1.2619         -0.1826         303.30
11:29:46         0.00104107558772532         1.0024         -0.3282         303.30
#------------------------------------------------------------------
# Дата окончания эксперимента
#----------------------
# 12.05.2022
# 11:29:51
#----------------------
# Количество точек в скане 532
