12:48:35         3.39794000867204         2500.0000         -0.7832         263.00
12:48:39         3.29794002877041         1985.8207         -0.8180         263.00
12:48:43         3.19794009555258         1577.3937         -0.8951         262.90
12:48:47         3.09794019718123         1252.9686         -1.0380         263.00
12:48:51         2.99794030947142         995.2686         -1.2040         263.00
12:48:55         2.89794040109701         790.5701         -1.3690         263.00
12:48:59         2.79794048044319         627.9723         -1.5770         263.00
12:49:03         2.69794064943186         498.8163         -1.8460         263.00
12:49:07         2.59794067657697         396.2239         -2.1040         263.00
12:49:11         2.4979407677867         314.7319         -2.5090         263.00
12:49:15         2.3979408834098         250.0005         -2.8830         263.00
12:49:19         2.29794098316926         198.5825         -3.3420         263.00
12:49:23         2.19794101139409         157.7397         -3.8860         263.00
12:49:27         2.09794100637999         125.2971         -4.4820         263.00
12:49:31         1.99794134816669         99.5271         -5.1070         263.00
12:49:35         1.8979408705064         79.0571         -5.7100         263.00
12:49:39         1.79794096059111         62.7973         -6.3310         263.00
12:49:43         1.69794123397439         49.8817         -6.9190         263.00
12:49:47         1.5979407602015         39.6224         -7.4430         263.00
12:49:51         1.49794089938297         31.4732         -7.8070         263.00
12:49:55         1.39794173163867         25.0001         -7.9790         263.00
12:49:58         1.29793988193963         19.8582         -7.9650         263.00
12:50:02         1.19794184111121         15.7740         -7.6400         263.00
12:50:06         1.09794068243622         12.5297         -7.1460         263.00
12:50:10         0.997940898731541         9.9527         -6.3960         263.00
12:50:14         0.897940341373011         7.9057         -5.5360         263.00
12:50:18         0.797938883024152         6.2797         -4.6320         263.00
12:50:22         0.697943874369764         4.9882         -3.7310         263.00
12:50:26         0.597936385571892         3.9622         -2.8550         263.00
12:50:30         0.497938142432874         3.1473         -2.1780         263.00
12:50:34         0.397940008672038         2.5000         -1.5890         263.00
12:50:38         0.29793551244985         1.9858         -1.0610         262.90
12:50:42         0.197941827982788         1.5774         -0.7898         263.00
12:50:46         0.0979510782661857         1.2530         -0.5574         263.00
#------------------------------------------------------------------
# Дата окончания эксперимента
#----------------------
# 28.04.2022
# 12:50:51
#----------------------
# Количество точек в скане 759
