13:34:23         3.39794000867204         2500.0000         -0.5594         262.60
13:34:27         3.29794002877041         1985.8207         -0.5972         262.60
13:34:31         3.19794009555258         1577.3937         -0.6528         262.60
13:34:34         3.09794019718123         1252.9686         -0.7091         262.60
13:34:38         2.99794030947142         995.2686         -0.8127         262.60
13:34:42         2.89794040109701         790.5701         -0.9212         262.60
13:34:46         2.79794048044319         627.9723         -1.0500         262.60
13:34:50         2.69794064943186         498.8163         -1.2330         262.60
13:34:54         2.59794067657697         396.2239         -1.4150         262.60
13:34:58         2.4979407677867         314.7319         -1.5910         262.60
13:35:02         2.3979408834098         250.0005         -1.8600         262.60
13:35:06         2.29794098316926         198.5825         -2.1410         262.60
13:35:10         2.19794101139409         157.7397         -2.4330         262.60
13:35:14         2.09794100637999         125.2971         -2.7810         262.60
13:35:18         1.99794134816669         99.5271         -3.1910         262.60
13:35:22         1.8979408705064         79.0571         -3.6310         262.60
13:35:26         1.79794096059111         62.7973         -3.9180         262.60
13:35:30         1.69794123397439         49.8817         -4.1710         262.60
13:35:34         1.5979407602015         39.6224         -4.4430         262.60
13:35:38         1.49794089938297         31.4732         -4.6840         262.60
13:35:42         1.39794173163867         25.0001         -4.8030         262.60
13:35:46         1.29793988193963         19.8582         -4.7980         262.60
13:35:50         1.19794184111121         15.7740         -4.6060         262.60
13:35:54         1.09794068243622         12.5297         -4.2750         262.60
13:35:58         0.997940898731541         9.9527         -3.8040         262.60
13:36:02         0.897940341373011         7.9057         -3.3280         262.60
13:36:05         0.797938883024152         6.2797         -2.7900         262.60
13:36:09         0.697943874369764         4.9882         -2.2100         262.60
13:36:13         0.597936385571892         3.9622         -1.6910         262.60
13:36:17         0.497938142432874         3.1473         -1.2230         262.60
13:36:21         0.397940008672038         2.5000         -0.8812         262.60
13:36:25         0.29793551244985         1.9858         -0.6694         262.60
13:36:29         0.197941827982788         1.5774         -0.4854         262.60
13:36:33         0.0979510782661857         1.2530         -0.2641         262.60
#------------------------------------------------------------------
# Дата окончания эксперимента
#----------------------
# 29.04.2022
# 13:36:38
#----------------------
# Количество точек в скане 672
