11:53:36         3.39794000867204         2500.0000         -1.6840         283.40
11:53:39         3.29794002877041         1985.8207         -1.7940         283.40
11:53:43         3.19794009555258         1577.3937         -2.0310         283.40
11:53:47         3.09794019718123         1252.9686         -2.3200         283.40
11:53:51         2.99794030947142         995.2686         -2.6570         283.40
11:53:55         2.89794040109701         790.5701         -3.0590         283.40
11:53:59         2.79794048044319         627.9723         -3.4700         283.40
11:54:03         2.69794064943186         498.8163         -3.8300         283.40
11:54:07         2.59794067657697         396.2239         -4.2040         283.40
11:54:11         2.4979407677867         314.7319         -4.5550         283.40
11:54:15         2.3979408834098         250.0005         -4.8560         283.40
11:54:19         2.29794098316926         198.5825         -5.0640         283.40
11:54:23         2.19794101139409         157.7397         -5.1180         283.40
11:54:27         2.09794100637999         125.2971         -5.0160         283.40
11:54:31         1.99794134816669         99.5271         -4.8120         283.40
11:54:35         1.8979408705064         79.0571         -4.4900         283.40
11:54:39         1.79794096059111         62.7973         -3.9730         283.40
11:54:43         1.69794123397439         49.8817         -3.4180         283.40
11:54:47         1.5979407602015         39.6224         -2.8210         283.40
11:54:51         1.49794089938297         31.4732         -2.2370         283.40
11:54:55         1.39794173163867         25.0001         -1.6900         283.40
11:54:59         1.29793988193963         19.8582         -1.2230         283.40
11:55:03         1.19794184111121         15.7740         -0.9421         283.40
11:55:06         1.09794068243622         12.5297         -0.6680         283.40
11:55:10         0.997940898731541         9.9527         -0.4544         283.40
11:55:14         0.897940341373011         7.9057         -0.2986         283.40
11:55:18         0.797938883024152         6.2797         -0.2060         283.40
11:55:22         0.697943874369764         4.9882         -0.2071         283.40
11:55:26         0.597936385571892         3.9622         -0.1054         283.40
11:55:30         0.497938142432874         3.1473         -0.1010         283.40
11:55:34         0.397940008672038         2.5000         -0.1169         283.40
11:55:38         0.29793551244985         1.9858         -0.0793         283.40
11:55:42         0.197941827982788         1.5774         -0.2132         283.40
11:55:46         0.0979510782661857         1.2530         -0.0966         283.40
#------------------------------------------------------------------
# Дата окончания эксперимента
#----------------------
# 05.05.2022
# 11:55:51
#----------------------
# Количество точек в скане 245
