13:42:47         3.39794000867204         2500.0000         -2.7050         283.40
13:42:51         3.29794002877041         1985.8207         -2.8430         283.40
13:42:55         3.19794009555258         1577.3937         -3.1610         283.40
13:42:59         3.09794019718123         1252.9686         -3.4710         283.40
13:43:03         2.99794030947142         995.2686         -3.8270         283.40
13:43:07         2.89794040109701         790.5701         -4.1590         283.40
13:43:11         2.79794048044319         627.9723         -4.5660         283.40
13:43:15         2.69794064943186         498.8163         -4.9410         283.40
13:43:19         2.59794067657697         396.2239         -5.1890         283.40
13:43:23         2.4979407677867         314.7319         -5.2820         283.40
13:43:27         2.3979408834098         250.0005         -5.3760         283.40
13:43:31         2.29794098316926         198.5825         -5.3320         283.40
13:43:35         2.19794101139409         157.7397         -5.1750         283.40
13:43:39         2.09794100637999         125.2971         -4.9390         283.40
13:43:43         1.99794134816669         99.5271         -4.5950         283.40
13:43:47         1.8979408705064         79.0571         -3.9340         283.40
13:43:51         1.79794096059111         62.7973         -3.3530         283.40
13:43:54         1.69794123397439         49.8817         -2.8360         283.40
13:43:58         1.5979407602015         39.6224         -2.3240         283.40
13:44:02         1.49794089938297         31.4732         -1.8490         283.40
13:44:06         1.39794173163867         25.0001         -1.3850         283.40
13:44:10         1.29793988193963         19.8582         -0.9358         283.40
13:44:14         1.19794184111121         15.7740         -0.6837         283.40
13:44:18         1.09794068243622         12.5297         -0.4666         283.40
13:44:22         0.997940898731541         9.9527         -0.2849         283.40
13:44:26         0.897940341373011         7.9057         -0.2191         283.40
13:44:30         0.797938883024152         6.2797         -0.2066         283.40
13:44:34         0.697943874369764         4.9882         -0.0923         283.40
13:44:38         0.597936385571892         3.9622         -0.1361         283.40
13:44:42         0.497938142432874         3.1473         -0.1959         283.40
13:44:46         0.397940008672038         2.5000         -0.0224         283.40
13:44:50         0.29793551244985         1.9858         0.0404         283.40
13:44:54         0.197941827982788         1.5774         -0.0235         283.40
13:44:58         0.0979510782661857         1.2530         -0.0639         283.40
#------------------------------------------------------------------
# Дата окончания эксперимента
#----------------------
# 05.05.2022
# 13:45:03
#----------------------
# Количество точек в скане 1113
