12:47:42         3.39794000867204         2500.0000         -5.1020         283.40
12:47:46         3.29794002877041         1985.8207         -5.0680         283.40
12:47:50         3.19794009555258         1577.3937         -5.1510         283.40
12:47:54         3.09794019718123         1252.9686         -4.9680         283.40
12:47:58         2.99794030947142         995.2686         -4.8910         283.40
12:48:02         2.89794040109701         790.5701         -4.7850         283.40
12:48:06         2.79794048044319         627.9723         -4.5520         283.40
12:48:10         2.69794064943186         498.8163         -4.6770         283.40
12:48:14         2.59794067657697         396.2239         -4.7020         283.40
12:48:17         2.4979407677867         314.7319         -4.0820         283.40
12:48:21         2.3979408834098         250.0005         -3.3850         283.40
12:48:25         2.29794098316926         198.5825         -3.3000         283.40
12:48:29         2.19794101139409         157.7397         -2.9540         283.40
12:48:33         2.09794100637999         125.2971         -2.7950         283.40
12:48:37         1.99794134816669         99.5271         -2.3390         283.40
12:48:41         1.8979408705064         79.0571         -1.9240         283.40
12:48:45         1.79794096059111         62.7973         -1.9280         283.40
12:48:49         1.69794123397439         49.8817         -1.2810         283.40
12:48:53         1.5979407602015         39.6224         -1.2230         283.40
12:48:57         1.49794089938297         31.4732         -1.1630         283.40
12:49:01         1.39794173163867         25.0001         -1.1160         283.40
12:49:05         1.29793988193963         19.8582         -0.8797         283.40
12:49:09         1.19794184111121         15.7740         -0.8846         283.40
12:49:13         1.09794068243622         12.5297         -0.3194         283.40
12:49:17         0.997940898731541         9.9527         -0.3035         283.40
12:49:21         0.897940341373011         7.9057         -0.3665         283.40
12:49:25         0.797938883024152         6.2797         -0.4712         283.40
12:49:29         0.697943874369764         4.9882         -0.2278         283.40
12:49:33         0.597936385571892         3.9622         -0.1405         283.40
12:49:36         0.497938142432874         3.1473         -0.2969         283.40
12:49:40         0.397940008672038         2.5000         -0.2113         283.40
12:49:44         0.29793551244985         1.9858         0.5171         283.40
12:49:49         0.197941827982788         1.5774         -0.0507         283.40
12:49:53         0.0979510782661857         1.2530         -0.1862         283.40
#------------------------------------------------------------------
# Дата окончания эксперимента
#----------------------
# 05.05.2022
# 12:49:58
#----------------------
# Количество точек в скане 662
