15:34:20         3.39794000867204         2500.0000         -6.4700         303.30
15:34:24         3.29794002877041         1985.8207         -6.8100         303.30
15:34:28         3.19794009555258         1577.3937         -7.3940         303.30
15:34:32         3.09794019718123         1252.9686         -7.9290         303.30
15:34:36         2.99794030947142         995.2686         -8.3470         303.30
15:34:40         2.89794040109701         790.5701         -8.5940         303.30
15:34:44         2.79794048044319         627.9723         -8.5990         303.30
15:34:48         2.69794064943186         498.8163         -8.3180         303.40
15:34:52         2.59794067657697         396.2239         -7.7760         303.30
15:34:56         2.4979407677867         314.7319         -6.9750         303.40
15:35:00         2.3979408834098         250.0005         -5.9730         303.40
15:35:04         2.29794098316926         198.5825         -4.9110         303.30
15:35:08         2.19794101139409         157.7397         -3.8980         303.30
15:35:12         2.09794100637999         125.2971         -2.9920         303.30
15:35:15         1.99794134816669         99.5271         -2.2120         303.30
15:35:19         1.8979408705064         79.0571         -1.5280         303.40
15:35:23         1.79794096059111         62.7973         -1.0190         303.40
15:35:27         1.69794123397439         49.8817         -0.6932         303.40
15:35:31         1.5979407602015         39.6224         -0.4706         303.30
15:35:35         1.49794089938297         31.4732         -0.2914         303.40
15:35:39         1.39794173163867         25.0001         -0.2068         303.30
15:35:43         1.29793988193963         19.8582         -0.1410         303.30
15:35:47         1.19794184111121         15.7740         -0.1271         303.40
15:35:51         1.09794068243622         12.5297         -0.1166         303.30
15:35:55         0.997940898731541         9.9527         -0.1634         303.30
15:35:59         0.897940341373011         7.9057         -0.1447         303.30
15:36:03         0.797938883024152         6.2797         -0.1187         303.30
15:36:07         0.697943874369764         4.9882         -0.1706         303.30
15:36:11         0.597936385571892         3.9622         -0.1352         303.30
15:36:15         0.497938142432874         3.1473         -0.0911         303.30
15:36:19         0.397940008672038         2.5000         -0.1375         303.30
15:36:23         0.29793551244985         1.9858         -0.1738         303.30
15:36:27         0.197941827982788         1.5774         -0.1544         303.30
15:36:30         0.0979510782661857         1.2530         -0.1874         303.30
#------------------------------------------------------------------
# Дата окончания эксперимента
#----------------------
# 06.05.2022
# 15:36:35
#----------------------
# Количество точек в скане 994
