10:46:56         3.30102999566398         2000.0000         -7.8460         303.20
10:47:00         3.2010300024141         1588.6565         -7.9060         303.20
10:47:03         3.10103011615342         1261.9150         -7.5010         303.20
10:47:07         3.0010301735954         1002.3749         -7.0430         303.20
10:47:11         2.90103030312168         796.2149         -6.3800         303.20
10:47:15         2.80103039647127         632.4561         -5.6500         303.20
10:47:19         2.70103052547502         502.3779         -4.9760         303.20
10:47:23         2.60103058992606         399.0530         -4.2630         303.20
10:47:27         2.50103062175664         316.9791         -3.4150         303.20
10:47:31         2.40103072845939         251.7855         -2.7400         303.20
10:47:35         2.30103085714815         200.0004         -2.1480         303.20
10:47:39         2.20103095347593         158.8660         -1.6730         303.20
10:47:43         2.10103114542462         126.1918         -1.3650         303.20
10:47:47         2.00103109914944         100.2377         -0.7611         303.20
10:47:51         1.90103088572348         79.6216         -1.0280         303.20
10:47:55         1.80103100942761         63.2457         -0.9206         303.20
10:47:59         1.70103147521753         50.2379         -0.5699         303.20
10:48:03         1.6010305816229         39.9053         -0.4210         303.20
10:48:07         1.50103050154635         31.6979         -0.4562         303.20
10:48:11         1.40103158383445         25.1786         -0.3394         303.20
10:48:15         1.30102999566398         20.0000         -0.6360         303.20
10:48:19         1.20103094826178         15.8866         -0.4257         303.20
10:48:23         1.10103181497473         12.6192         -0.0992         303.20
10:48:26         1.00103238831071         10.0238         -0.1738         303.20
10:48:30         0.901033091280384         7.9622         -0.2521         303.20
10:48:34         0.801033078803748         6.3246         -0.3163         303.20
10:48:38         0.701032332622174         5.0238         -0.2454         303.20
10:48:42         0.601027312238355         3.9905         -0.2843         303.20
10:48:46         0.501031866976549         3.1698         -0.1640         303.20
10:48:50         0.401038476122047         2.5179         -0.4041         303.20
10:48:54         0.301029995663981         2.0000         -0.0143         303.20
10:48:58         0.201041910871892         1.5887         0.4405         303.20
10:49:02         0.101024922497756         1.2619         0.3946         303.20
10:49:06         0.00104107558772532         1.0024         0.4561         303.20
#------------------------------------------------------------------
# Дата окончания эксперимента
#----------------------
# 12.05.2022
# 10:49:11
#----------------------
# Количество точек в скане 210
