13:51:19         3.39794000867204         2500.0000         -1.0190         262.60
13:51:23         3.29794002877041         1985.8207         -1.0700         262.60
13:51:27         3.19794009555258         1577.3937         -1.1380         262.60
13:51:31         3.09794019718123         1252.9686         -1.2170         262.60
13:51:35         2.99794030947142         995.2686         -1.3380         262.60
13:51:39         2.89794040109701         790.5701         -1.5620         262.60
13:51:43         2.79794048044319         627.9723         -1.8380         262.60
13:51:47         2.69794064943186         498.8163         -2.0780         262.60
13:51:51         2.59794067657697         396.2239         -2.4400         262.60
13:51:55         2.4979407677867         314.7319         -2.7580         262.60
13:51:59         2.3979408834098         250.0005         -3.1640         262.60
13:52:03         2.29794098316926         198.5825         -3.5500         262.60
13:52:07         2.19794101139409         157.7397         -4.1100         262.60
13:52:11         2.09794100637999         125.2971         -4.6190         262.60
13:52:15         1.99794134816669         99.5271         -5.5100         262.60
13:52:19         1.8979408705064         79.0571         -5.7630         262.60
13:52:23         1.79794096059111         62.7973         -6.3170         262.60
13:52:27         1.69794123397439         49.8817         -6.7930         262.60
13:52:31         1.5979407602015         39.6224         -7.2140         262.60
13:52:35         1.49794089938297         31.4732         -7.4160         262.60
13:52:38         1.39794173163867         25.0001         -7.4730         262.60
13:52:42         1.29793988193963         19.8582         -7.1670         262.60
13:52:46         1.19794184111121         15.7740         -6.9300         262.60
13:52:50         1.09794068243622         12.5297         -6.4120         262.60
13:52:54         0.997940898731541         9.9527         -5.7930         262.60
13:52:58         0.897940341373011         7.9057         -4.8470         262.60
13:53:02         0.797938883024152         6.2797         -3.9600         262.60
13:53:06         0.697943874369764         4.9882         -3.0720         262.60
13:53:10         0.597936385571892         3.9622         -2.3690         262.60
13:53:14         0.497938142432874         3.1473         -1.7420         262.60
13:53:18         0.397940008672038         2.5000         -1.1790         262.60
13:53:22         0.29793551244985         1.9858         -0.8308         262.60
13:53:26         0.197941827982788         1.5774         -0.6970         262.60
13:53:30         0.0979510782661857         1.2530         -0.4866         262.60
#------------------------------------------------------------------
# Дата окончания эксперимента
#----------------------
# 29.04.2022
# 13:53:35
#----------------------
# Количество точек в скане 742
