11:06:05         3.30102999566398         2000.0000         -4.0230         303.30
11:06:09         3.2010300024141         1588.6565         -4.0900         303.30
11:06:13         3.10103011615342         1261.9150         -3.9090         303.20
11:06:17         3.0010301735954         1002.3749         -3.6880         303.30
11:06:21         2.90103030312168         796.2149         -3.4840         303.20
11:06:25         2.80103039647127         632.4561         -3.1540         303.20
11:06:29         2.70103052547502         502.3779         -2.7820         303.20
11:06:33         2.60103058992606         399.0530         -2.2890         303.20
11:06:37         2.50103062175664         316.9791         -1.9750         303.30
11:06:40         2.40103072845939         251.7855         -1.6040         303.30
11:06:44         2.30103085714815         200.0004         -1.2450         303.30
11:06:48         2.20103095347593         158.8660         -0.8937         303.30
11:06:52         2.10103114542462         126.1918         -0.6386         303.30
11:06:56         2.00103109914944         100.2377         -0.4707         303.30
11:07:00         1.90103088572348         79.6216         -0.3670         303.30
11:07:04         1.80103100942761         63.2457         -0.2565         303.30
11:07:08         1.70103147521753         50.2379         -0.1869         303.30
11:07:12         1.6010305816229         39.9053         -0.1305         303.30
11:07:16         1.50103050154635         31.6979         -0.1419         303.30
11:07:20         1.40103158383445         25.1786         -0.1631         303.30
11:07:24         1.30102999566398         20.0000         -0.0279         303.30
11:07:28         1.20103094826178         15.8866         0.0478         303.30
11:07:32         1.10103181497473         12.6192         0.0516         303.30
11:07:36         1.00103238831071         10.0238         -0.0273         303.30
11:07:40         0.901033091280384         7.9622         0.0128         303.30
11:07:45         0.801033078803748         6.3246         -0.0044         303.30
11:07:49         0.701032332622174         5.0238         -0.1428         303.30
11:07:53         0.601027312238355         3.9905         -0.1709         303.30
11:07:57         0.501031866976549         3.1698         -0.0417         303.30
11:08:01         0.401038476122047         2.5179         -0.0803         303.30
11:08:05         0.301029995663981         2.0000         -0.0621         303.30
11:08:08         0.201041910871892         1.5887         -0.1051         303.30
11:08:12         0.101024922497756         1.2619         -0.0714         303.30
11:08:16         0.00104107558772532         1.0024         -0.0659         303.30
#------------------------------------------------------------------
# Дата окончания эксперимента
#----------------------
# 12.05.2022
# 11:08:21
#----------------------
# Количество точек в скане 362
