12:28:45         3.39794000867204         2500.0000         -0.3383         262.90
12:28:49         3.29794002877041         1985.8207         -0.3508         262.90
12:28:53         3.19794009555258         1577.3937         -0.4065         262.90
12:28:57         3.09794019718123         1252.9686         -0.4605         262.90
12:29:01         2.99794030947142         995.2686         -0.5203         262.90
12:29:05         2.89794040109701         790.5701         -0.6052         262.90
12:29:09         2.79794048044319         627.9723         -0.7288         262.90
12:29:12         2.69794064943186         498.8163         -0.8705         262.90
12:29:16         2.59794067657697         396.2239         -1.0370         262.90
12:29:20         2.4979407677867         314.7319         -1.2260         262.90
12:29:24         2.3979408834098         250.0005         -1.4260         262.90
12:29:28         2.29794098316926         198.5825         -1.6900         263.00
12:29:32         2.19794101139409         157.7397         -2.0040         263.00
12:29:36         2.09794100637999         125.2971         -2.3630         262.90
12:29:40         1.99794134816669         99.5271         -2.7130         262.90
12:29:44         1.8979408705064         79.0571         -3.1070         263.00
12:29:48         1.79794096059111         62.7973         -3.5160         262.90
12:29:52         1.69794123397439         49.8817         -3.9130         262.90
12:29:56         1.5979407602015         39.6224         -4.2830         263.00
12:30:00         1.49794089938297         31.4732         -4.5840         263.00
12:30:04         1.39794173163867         25.0001         -4.7970         263.00
12:30:08         1.29793988193963         19.8582         -4.9100         263.00
12:30:12         1.19794184111121         15.7740         -4.8330         262.90
12:30:16         1.09794068243622         12.5297         -4.5880         262.90
12:30:20         0.997940898731541         9.9527         -4.1980         263.00
12:30:24         0.897940341373011         7.9057         -3.6810         263.00
12:30:28         0.797938883024152         6.2797         -3.0890         263.00
12:30:32         0.697943874369764         4.9882         -2.4750         263.00
12:30:36         0.597936385571892         3.9622         -1.8740         263.00
12:30:39         0.497938142432874         3.1473         -1.4030         262.90
12:30:43         0.397940008672038         2.5000         -1.0120         263.00
12:30:47         0.29793551244985         1.9858         -0.6868         262.90
12:30:51         0.197941827982788         1.5774         -0.4597         263.00
12:30:55         0.0979510782661857         1.2530         -0.3693         263.00
#------------------------------------------------------------------
# Дата окончания эксперимента
#----------------------
# 28.04.2022
# 12:31:00
#----------------------
# Количество точек в скане 619
