15:10:48         3.39794000867204         2500.0000         -3.3800         283.20
15:10:52         3.29794002877041         1985.8207         -3.7480         283.20
15:10:56         3.19794009555258         1577.3937         -3.9280         283.20
15:11:00         3.09794019718123         1252.9686         -4.0280         283.20
15:11:04         2.99794030947142         995.2686         -4.2690         283.30
15:11:08         2.89794040109701         790.5701         -4.4500         283.20
15:11:12         2.79794048044319         627.9723         -4.5020         283.20
15:11:16         2.69794064943186         498.8163         -4.6500         283.20
15:11:20         2.59794067657697         396.2239         -4.7840         283.20
15:11:24         2.4979407677867         314.7319         -4.9390         283.20
15:11:28         2.3979408834098         250.0005         -4.8290         283.30
15:11:32         2.29794098316926         198.5825         -4.9350         283.30
15:11:36         2.19794101139409         157.7397         -4.6910         283.30
15:11:40         2.09794100637999         125.2971         -4.2990         283.30
15:11:43         1.99794134816669         99.5271         -3.9770         283.30
15:11:47         1.8979408705064         79.0571         -3.5500         283.30
15:11:51         1.79794096059111         62.7973         -2.9460         283.30
15:11:55         1.69794123397439         49.8817         -2.3940         283.30
15:11:59         1.5979407602015         39.6224         -1.9870         283.30
15:12:03         1.49794089938297         31.4732         -1.6010         283.30
15:12:07         1.39794173163867         25.0001         -1.2650         283.30
15:12:11         1.29793988193963         19.8582         -0.9315         283.30
15:12:15         1.19794184111121         15.7740         -0.6152         283.30
15:12:19         1.09794068243622         12.5297         -0.6216         283.30
15:12:23         0.997940898731541         9.9527         -0.5096         283.30
15:12:27         0.897940341373011         7.9057         -0.2864         283.30
15:12:31         0.797938883024152         6.2797         -0.0899         283.30
15:12:35         0.697943874369764         4.9882         -0.0369         283.30
15:12:39         0.597936385571892         3.9622         -0.1727         283.30
15:12:43         0.497938142432874         3.1473         -0.1845         283.30
15:12:47         0.397940008672038         2.5000         -0.1466         283.30
15:12:51         0.29793551244985         1.9858         -0.3772         283.30
15:12:54         0.197941827982788         1.5774         -0.2924         283.30
15:12:58         0.0979510782661857         1.2530         -0.4935         283.30
#------------------------------------------------------------------
# Дата окончания эксперимента
#----------------------
# 04.05.2022
# 15:13:03
#----------------------
# Количество точек в скане 210
