13:07:34         3.39794000867204         2500.0000         -0.6258         262.60
13:07:38         3.29794002877041         1985.8207         -0.6415         262.60
13:07:41         3.19794009555258         1577.3937         -0.7130         262.60
13:07:45         3.09794019718123         1252.9686         -0.7680         262.60
13:07:49         2.99794030947142         995.2686         -0.8879         262.60
13:07:53         2.89794040109701         790.5701         -0.9749         262.60
13:07:57         2.79794048044319         627.9723         -1.1410         262.60
13:08:01         2.69794064943186         498.8163         -1.3550         262.60
13:08:05         2.59794067657697         396.2239         -1.4650         262.60
13:08:09         2.4979407677867         314.7319         -1.7260         262.60
13:08:13         2.3979408834098         250.0005         -2.0290         262.60
13:08:17         2.29794098316926         198.5825         -2.3970         262.60
13:08:21         2.19794101139409         157.7397         -2.7710         262.60
13:08:25         2.09794100637999         125.2971         -3.1220         262.60
13:08:29         1.99794134816669         99.5271         -3.6110         262.60
13:08:33         1.8979408705064         79.0571         -4.1530         262.60
13:08:37         1.79794096059111         62.7973         -4.4310         262.60
13:08:41         1.69794123397439         49.8817         -4.7910         262.60
13:08:45         1.5979407602015         39.6224         -5.1420         262.60
13:08:49         1.49794089938297         31.4732         -5.3810         262.60
13:08:53         1.39794173163867         25.0001         -5.4560         262.60
13:08:57         1.29793988193963         19.8582         -5.4520         262.60
13:09:01         1.19794184111121         15.7740         -5.2640         262.60
13:09:05         1.09794068243622         12.5297         -4.9330         262.60
13:09:09         0.997940898731541         9.9527         -4.4710         262.60
13:09:13         0.897940341373011         7.9057         -3.8120         262.60
13:09:17         0.797938883024152         6.2797         -3.1830         262.60
13:09:21         0.697943874369764         4.9882         -2.5340         262.60
13:09:24         0.597936385571892         3.9622         -1.9560         262.60
13:09:28         0.497938142432874         3.1473         -1.4400         262.60
13:09:32         0.397940008672038         2.5000         -1.0480         262.60
13:09:36         0.29793551244985         1.9858         -0.7924         262.60
13:09:40         0.197941827982788         1.5774         -0.5963         262.60
13:09:44         0.0979510782661857         1.2530         -0.4205         262.60
#------------------------------------------------------------------
# Дата окончания эксперимента
#----------------------
# 29.04.2022
# 13:09:49
#----------------------
# Количество точек в скане 496
