15:37:53         3.39794000867204         2500.0000         -5.4050         303.40
15:37:57         3.29794002877041         1985.8207         -5.6420         303.30
15:38:01         3.19794009555258         1577.3937         -6.0740         303.40
15:38:05         3.09794019718123         1252.9686         -6.4810         303.40
15:38:09         2.99794030947142         995.2686         -6.7520         303.40
15:38:13         2.89794040109701         790.5701         -6.8890         303.30
15:38:17         2.79794048044319         627.9723         -6.8370         303.30
15:38:21         2.69794064943186         498.8163         -6.5390         303.30
15:38:25         2.59794067657697         396.2239         -6.0750         303.30
15:38:29         2.4979407677867         314.7319         -5.3790         303.40
15:38:33         2.3979408834098         250.0005         -4.5960         303.30
15:38:37         2.29794098316926         198.5825         -3.7660         303.30
15:38:41         2.19794101139409         157.7397         -2.9440         303.30
15:38:45         2.09794100637999         125.2971         -2.2940         303.30
15:38:49         1.99794134816669         99.5271         -1.6530         303.40
15:38:53         1.8979408705064         79.0571         -1.1140         303.30
15:38:57         1.79794096059111         62.7973         -0.7948         303.30
15:39:01         1.69794123397439         49.8817         -0.5867         303.30
15:39:04         1.5979407602015         39.6224         -0.3804         303.30
15:39:08         1.49794089938297         31.4732         -0.2460         303.30
15:39:12         1.39794173163867         25.0001         -0.1566         303.30
15:39:16         1.29793988193963         19.8582         -0.1193         303.30
15:39:20         1.19794184111121         15.7740         -0.0865         303.30
15:39:24         1.09794068243622         12.5297         -0.1065         303.30
15:39:28         0.997940898731541         9.9527         -0.0958         303.30
15:39:32         0.897940341373011         7.9057         -0.1216         303.40
15:39:36         0.797938883024152         6.2797         -0.1004         303.30
15:39:40         0.697943874369764         4.9882         -0.1259         303.30
15:39:44         0.597936385571892         3.9622         -0.1372         303.30
15:39:48         0.497938142432874         3.1473         -0.1067         303.30
15:39:52         0.397940008672038         2.5000         -0.0822         303.30
15:39:56         0.29793551244985         1.9858         -0.0931         303.30
15:40:00         0.197941827982788         1.5774         -0.0342         303.30
15:40:04         0.0979510782661857         1.2530         -0.1241         303.30
#------------------------------------------------------------------
# Дата окончания эксперимента
#----------------------
# 06.05.2022
# 15:40:09
#----------------------
# Количество точек в скане 1029
