13:49:26         3.39794000867204         2500.0000         -0.6639         262.90
13:49:30         3.29794002877041         1985.8207         -0.7082         262.90
13:49:34         3.19794009555258         1577.3937         -0.8064         262.90
13:49:38         3.09794019718123         1252.9686         -0.9062         262.90
13:49:42         2.99794030947142         995.2686         -1.0760         262.90
13:49:46         2.89794040109701         790.5701         -1.2160         262.90
13:49:49         2.79794048044319         627.9723         -1.3600         262.90
13:49:53         2.69794064943186         498.8163         -1.5380         262.90
13:49:57         2.59794067657697         396.2239         -1.7870         262.90
13:50:01         2.4979407677867         314.7319         -2.0790         262.90
13:50:05         2.3979408834098         250.0005         -2.4690         262.90
13:50:09         2.29794098316926         198.5825         -2.8540         262.90
13:50:13         2.19794101139409         157.7397         -3.3220         262.90
13:50:17         2.09794100637999         125.2971         -3.8260         262.90
13:50:21         1.99794134816669         99.5271         -4.2940         262.90
13:50:25         1.8979408705064         79.0571         -4.8840         262.90
13:50:29         1.79794096059111         62.7973         -5.4530         262.90
13:50:33         1.69794123397439         49.8817         -5.9200         262.90
13:50:37         1.5979407602015         39.6224         -6.3690         262.90
13:50:41         1.49794089938297         31.4732         -6.7660         262.90
13:50:45         1.39794173163867         25.0001         -6.9470         262.90
13:50:49         1.29793988193963         19.8582         -6.9030         262.90
13:50:53         1.19794184111121         15.7740         -6.7420         262.90
13:50:57         1.09794068243622         12.5297         -6.2620         262.90
13:51:01         0.997940898731541         9.9527         -5.6380         262.90
13:51:05         0.897940341373011         7.9057         -4.9290         262.90
13:51:09         0.797938883024152         6.2797         -4.1690         262.90
13:51:13         0.697943874369764         4.9882         -3.3500         262.90
13:51:16         0.597936385571892         3.9622         -2.6110         262.90
13:51:20         0.497938142432874         3.1473         -1.8940         262.90
13:51:24         0.397940008672038         2.5000         -1.3440         262.90
13:51:28         0.29793551244985         1.9858         -1.0130         262.90
13:51:32         0.197941827982788         1.5774         -0.7251         262.90
13:51:36         0.0979510782661857         1.2530         -0.5376         262.90
#------------------------------------------------------------------
# Дата окончания эксперимента
#----------------------
# 28.04.2022
# 13:51:41
#----------------------
# Количество точек в скане 1101
