10:51:55         3.30102999566398         2000.0000         -6.5780         303.20
10:51:59         3.2010300024141         1588.6565         -6.8380         303.20
10:52:03         3.10103011615342         1261.9150         -7.2980         303.20
10:52:07         3.0010301735954         1002.3749         -7.7340         303.20
10:52:11         2.90103030312168         796.2149         -8.0130         303.20
10:52:15         2.80103039647127         632.4561         -8.0720         303.20
10:52:19         2.70103052547502         502.3779         -7.8580         303.20
10:52:23         2.60103058992606         399.0530         -7.3470         303.20
10:52:27         2.50103062175664         316.9791         -6.6090         303.20
10:52:31         2.40103072845939         251.7855         -5.7030         303.20
10:52:35         2.30103085714815         200.0004         -4.7060         303.20
10:52:39         2.20103095347593         158.8660         -3.7150         303.20
10:52:43         2.10103114542462         126.1918         -2.8050         303.20
10:52:46         2.00103109914944         100.2377         -2.0540         303.20
10:52:50         1.90103088572348         79.6216         -1.4160         303.20
10:52:54         1.80103100942761         63.2457         -0.9619         303.20
10:52:58         1.70103147521753         50.2379         -0.6123         303.20
10:53:02         1.6010305816229         39.9053         -0.3920         303.20
10:53:06         1.50103050154635         31.6979         -0.2487         303.30
10:53:10         1.40103158383445         25.1786         -0.1529         303.20
10:53:14         1.30102999566398         20.0000         -0.0633         303.20
10:53:18         1.20103094826178         15.8866         -0.0273         303.20
10:53:22         1.10103181497473         12.6192         -0.0281         303.30
10:53:26         1.00103238831071         10.0238         -0.0401         303.30
10:53:30         0.901033091280384         7.9622         -0.0371         303.30
10:53:34         0.801033078803748         6.3246         -0.0471         303.30
10:53:38         0.701032332622174         5.0238         -0.0433         303.30
10:53:42         0.601027312238355         3.9905         -0.0360         303.20
10:53:46         0.501031866976549         3.1698         -0.0153         303.20
10:53:50         0.401038476122047         2.5179         -0.0294         303.30
10:53:54         0.301029995663981         2.0000         -0.0439         303.20
10:53:58         0.201041910871892         1.5887         -0.0171         303.20
10:54:02         0.101024922497756         1.2619         -0.0243         303.20
10:54:05         0.00104107558772532         1.0024         0.0519         303.20
#------------------------------------------------------------------
# Дата окончания эксперимента
#----------------------
# 12.05.2022
# 10:54:10
#----------------------
# Количество точек в скане 245
