15:51:46         3.39794000867204         2500.0000         -0.8029         262.90
15:51:50         3.29794002877041         1985.8207         -0.8159         262.90
15:51:54         3.19794009555258         1577.3937         -0.9225         262.90
15:51:58         3.09794019718123         1252.9686         -1.0500         262.90
15:52:02         2.99794030947142         995.2686         -1.0470         262.90
15:52:06         2.89794040109701         790.5701         -1.1910         262.90
15:52:10         2.79794048044319         627.9723         -1.3230         262.90
15:52:14         2.69794064943186         498.8163         -1.5070         262.90
15:52:18         2.59794067657697         396.2239         -1.7770         262.90
15:52:22         2.4979407677867         314.7319         -2.0000         262.90
15:52:26         2.3979408834098         250.0005         -2.2360         262.90
15:52:30         2.29794098316926         198.5825         -2.4000         262.90
15:52:34         2.19794101139409         157.7397         -2.7160         262.90
15:52:38         2.09794100637999         125.2971         -2.9840         262.90
15:52:42         1.99794134816669         99.5271         -3.2380         262.90
15:52:46         1.8979408705064         79.0571         -3.5600         262.90
15:52:50         1.79794096059111         62.7973         -3.8240         262.90
15:52:54         1.69794123397439         49.8817         -3.8680         262.90
15:52:58         1.5979407602015         39.6224         -3.8840         262.90
15:53:02         1.49794089938297         31.4732         -3.9250         262.90
15:53:05         1.39794173163867         25.0001         -3.8450         262.90
15:53:09         1.29793988193963         19.8582         -3.7020         262.90
15:53:13         1.19794184111121         15.7740         -3.3890         262.90
15:53:17         1.09794068243622         12.5297         -3.1230         262.90
15:53:21         0.997940898731541         9.9527         -2.7390         262.90
15:53:25         0.897940341373011         7.9057         -2.3390         262.90
15:53:29         0.797938883024152         6.2797         -1.8080         262.90
15:53:33         0.697943874369764         4.9882         -1.4970         262.90
15:53:37         0.597936385571892         3.9622         -1.1780         262.90
15:53:41         0.497938142432874         3.1473         -0.9195         262.90
15:53:45         0.397940008672038         2.5000         -0.6049         262.90
15:53:49         0.29793551244985         1.9858         -0.4837         262.90
15:53:53         0.197941827982788         1.5774         -0.5797         262.90
15:53:57         0.0979510782661857         1.2530         -0.4250         262.90
#------------------------------------------------------------------
# Дата окончания эксперимента
#----------------------
# 28.04.2022
# 15:54:02
#----------------------
# Количество точек в скане 1796
