14:20:56         3.39794000867204         2500.0000         -0.6400         262.80
14:21:00         3.29794002877041         1985.8207         -0.6841         262.80
14:21:04         3.19794009555258         1577.3937         -0.7487         262.80
14:21:08         3.09794019718123         1252.9686         -0.8667         262.80
14:21:11         2.99794030947142         995.2686         -0.9798         262.80
14:21:15         2.89794040109701         790.5701         -1.1140         262.80
14:21:19         2.79794048044319         627.9723         -1.2710         262.80
14:21:23         2.69794064943186         498.8163         -1.4790         262.80
14:21:27         2.59794067657697         396.2239         -1.7260         262.80
14:21:31         2.4979407677867         314.7319         -2.0130         262.80
14:21:35         2.3979408834098         250.0005         -2.3340         262.80
14:21:39         2.29794098316926         198.5825         -2.7310         262.80
14:21:43         2.19794101139409         157.7397         -3.1880         262.80
14:21:47         2.09794100637999         125.2971         -3.7010         262.80
14:21:51         1.99794134816669         99.5271         -4.3280         262.90
14:21:55         1.8979408705064         79.0571         -4.9360         262.90
14:21:59         1.79794096059111         62.7973         -5.5530         262.90
14:22:03         1.69794123397439         49.8817         -6.1350         262.90
14:22:07         1.5979407602015         39.6224         -6.6540         262.90
14:22:11         1.49794089938297         31.4732         -7.1120         262.90
14:22:15         1.39794173163867         25.0001         -7.4400         262.90
14:22:19         1.29793988193963         19.8582         -7.5610         262.80
14:22:23         1.19794184111121         15.7740         -7.4190         262.80
14:22:27         1.09794068243622         12.5297         -7.0270         262.80
14:22:31         0.997940898731541         9.9527         -6.4090         262.80
14:22:35         0.897940341373011         7.9057         -5.6450         262.80
14:22:39         0.797938883024152         6.2797         -4.6950         262.80
14:22:42         0.697943874369764         4.9882         -3.7890         262.80
14:22:46         0.597936385571892         3.9622         -2.8760         262.80
14:22:50         0.497938142432874         3.1473         -2.1410         262.80
14:22:54         0.397940008672038         2.5000         -1.6370         262.80
14:22:58         0.29793551244985         1.9858         -1.2130         262.80
14:23:02         0.197941827982788         1.5774         -0.8762         262.80
14:23:06         0.0979510782661857         1.2530         -0.7051         262.80
#------------------------------------------------------------------
# Дата окончания эксперимента
#----------------------
# 28.04.2022
# 14:23:11
#----------------------
# Количество точек в скане 1306
