10:12:35         3.39794000867204         2500.0000         -1.7650         283.30
10:12:39         3.29794002877041         1985.8207         -1.9050         283.30
10:12:42         3.19794009555258         1577.3937         -2.1940         283.30
10:12:46         3.09794019718123         1252.9686         -2.5910         283.30
10:12:50         2.99794030947142         995.2686         -3.0470         283.30
10:12:54         2.89794040109701         790.5701         -3.5290         283.30
10:12:58         2.79794048044319         627.9723         -4.0370         283.30
10:13:02         2.69794064943186         498.8163         -4.5890         283.40
10:13:06         2.59794067657697         396.2239         -5.1240         283.30
10:13:10         2.4979407677867         314.7319         -5.6430         283.40
10:13:14         2.3979408834098         250.0005         -6.0980         283.30
10:13:18         2.29794098316926         198.5825         -6.4370         283.30
10:13:22         2.19794101139409         157.7397         -6.6260         283.30
10:13:26         2.09794100637999         125.2971         -6.6290         283.40
10:13:30         1.99794134816669         99.5271         -6.4150         283.40
10:13:34         1.8979408705064         79.0571         -5.9890         283.30
10:13:38         1.79794096059111         62.7973         -5.3860         283.40
10:13:42         1.69794123397439         49.8817         -4.6620         283.40
10:13:46         1.5979407602015         39.6224         -3.8660         283.30
10:13:50         1.49794089938297         31.4732         -3.0720         283.30
10:13:54         1.39794173163867         25.0001         -2.3350         283.30
10:13:58         1.29793988193963         19.8582         -1.7070         283.30
10:14:02         1.19794184111121         15.7740         -1.1920         283.30
10:14:05         1.09794068243622         12.5297         -0.8058         283.30
10:14:09         0.997940898731541         9.9527         -0.5585         283.30
10:14:13         0.897940341373011         7.9057         -0.3592         283.30
10:14:17         0.797938883024152         6.2797         -0.2213         283.30
10:14:21         0.697943874369764         4.9882         -0.1424         283.30
10:14:25         0.597936385571892         3.9622         -0.1132         283.30
10:14:29         0.497938142432874         3.1473         -0.1045         283.30
10:14:33         0.397940008672038         2.5000         -0.0427         283.30
10:14:37         0.29793551244985         1.9858         -0.0633         283.30
10:14:41         0.197941827982788         1.5774         -0.0410         283.30
10:14:45         0.0979510782661857         1.2530         0.0085         283.30
#------------------------------------------------------------------
# Дата окончания эксперимента
#----------------------
# 06.05.2022
# 10:14:50
#----------------------
# Количество точек в скане 107
