14:16:16         3.39794000867204         2500.0000         -0.9613         262.60
14:16:20         3.29794002877041         1985.8207         -1.0660         262.60
14:16:24         3.19794009555258         1577.3937         -1.0490         262.60
14:16:28         3.09794019718123         1252.9686         -1.1250         262.60
14:16:32         2.99794030947142         995.2686         -1.2870         262.60
14:16:36         2.89794040109701         790.5701         -1.4280         262.60
14:16:40         2.79794048044319         627.9723         -1.6380         262.60
14:16:44         2.69794064943186         498.8163         -1.8570         262.60
14:16:48         2.59794067657697         396.2239         -2.1920         262.60
14:16:52         2.4979407677867         314.7319         -2.4710         262.60
14:16:56         2.3979408834098         250.0005         -2.7930         262.60
14:17:00         2.29794098316926         198.5825         -3.1770         262.60
14:17:04         2.19794101139409         157.7397         -3.6000         262.60
14:17:08         2.09794100637999         125.2971         -4.1320         262.60
14:17:12         1.99794134816669         99.5271         -4.5540         262.60
14:17:16         1.8979408705064         79.0571         -5.4160         262.60
14:17:20         1.79794096059111         62.7973         -5.6400         262.60
14:17:24         1.69794123397439         49.8817         -5.9640         262.60
14:17:27         1.5979407602015         39.6224         -6.2840         262.60
14:17:31         1.49794089938297         31.4732         -6.4250         262.60
14:17:35         1.39794173163867         25.0001         -6.4590         262.60
14:17:39         1.29793988193963         19.8582         -6.3370         262.60
14:17:43         1.19794184111121         15.7740         -6.0120         262.60
14:17:47         1.09794068243622         12.5297         -5.5710         262.60
14:17:51         0.997940898731541         9.9527         -4.9680         262.60
14:17:55         0.897940341373011         7.9057         -4.1980         262.60
14:17:59         0.797938883024152         6.2797         -3.3960         262.60
14:18:03         0.697943874369764         4.9882         -2.7290         262.60
14:18:07         0.597936385571892         3.9622         -2.0260         262.60
14:18:11         0.497938142432874         3.1473         -1.4280         262.60
14:18:15         0.397940008672038         2.5000         -1.0170         262.60
14:18:19         0.29793551244985         1.9858         -0.7039         262.60
14:18:23         0.197941827982788         1.5774         -0.4541         262.60
14:18:27         0.0979510782661857         1.2530         -0.3093         262.60
#------------------------------------------------------------------
# Дата окончания эксперимента
#----------------------
# 29.04.2022
# 14:18:32
#----------------------
# Количество точек в скане 917
