10:39:22         3.30102999566398         2000.0000         -7.5580         303.20
10:39:26         3.2010300024141         1588.6565         -7.7710         303.20
10:39:30         3.10103011615342         1261.9150         -8.1270         303.20
10:39:34         3.0010301735954         1002.3749         -8.4660         303.20
10:39:38         2.90103030312168         796.2149         -8.5900         303.20
10:39:42         2.80103039647127         632.4561         -8.4630         303.20
10:39:46         2.70103052547502         502.3779         -8.0530         303.20
10:39:50         2.60103058992606         399.0530         -7.3910         303.20
10:39:54         2.50103062175664         316.9791         -6.5460         303.20
10:39:58         2.40103072845939         251.7855         -5.5810         303.20
10:40:02         2.30103085714815         200.0004         -4.5250         303.20
10:40:06         2.20103095347593         158.8660         -3.5380         303.20
10:40:10         2.10103114542462         126.1918         -2.6720         303.20
10:40:14         2.00103109914944         100.2377         -1.8880         303.20
10:40:18         1.90103088572348         79.6216         -1.4060         303.20
10:40:22         1.80103100942761         63.2457         -0.9544         303.20
10:40:26         1.70103147521753         50.2379         -0.6392         303.20
10:40:30         1.6010305816229         39.9053         -0.4088         303.20
10:40:34         1.50103050154635         31.6979         -0.3206         303.20
10:40:38         1.40103158383445         25.1786         -0.2086         303.20
10:40:41         1.30102999566398         20.0000         -0.1939         303.20
10:40:45         1.20103094826178         15.8866         -0.1543         303.20
10:40:49         1.10103181497473         12.6192         -0.0861         303.20
10:40:53         1.00103238831071         10.0238         -0.0929         303.20
10:40:57         0.901033091280384         7.9622         -0.0790         303.20
10:41:01         0.801033078803748         6.3246         -0.1030         303.20
10:41:05         0.701032332622174         5.0238         -0.1099         303.20
10:41:09         0.601027312238355         3.9905         -0.0781         303.20
10:41:13         0.501031866976549         3.1698         -0.0816         303.20
10:41:17         0.401038476122047         2.5179         -0.0728         303.20
10:41:21         0.301029995663981         2.0000         -0.0800         303.20
10:41:25         0.201041910871892         1.5887         -0.0244         303.20
10:41:29         0.101024922497756         1.2619         0.0531         303.20
10:41:33         0.00104107558772532         1.0024         -0.0801         303.20
#------------------------------------------------------------------
# Дата окончания эксперимента
#----------------------
# 12.05.2022
# 10:41:38
#----------------------
# Количество точек в скане 140
