13:03:40         3.39794000867204         2500.0000         -5.5470         303.40
13:03:44         3.29794002877041         1985.8207         -5.8150         303.40
13:03:48         3.19794009555258         1577.3937         -6.3690         303.40
13:03:52         3.09794019718123         1252.9686         -6.9800         303.40
13:03:56         2.99794030947142         995.2686         -7.5130         303.40
13:04:00         2.89794040109701         790.5701         -7.8900         303.40
13:04:04         2.79794048044319         627.9723         -8.0310         303.40
13:04:08         2.69794064943186         498.8163         -7.8920         303.40
13:04:12         2.59794067657697         396.2239         -7.4730         303.40
13:04:15         2.4979407677867         314.7319         -6.7620         303.40
13:04:19         2.3979408834098         250.0005         -5.8650         303.40
13:04:23         2.29794098316926         198.5825         -4.8730         303.40
13:04:27         2.19794101139409         157.7397         -3.8530         303.40
13:04:31         2.09794100637999         125.2971         -2.9280         303.40
13:04:35         1.99794134816669         99.5271         -2.1260         303.40
13:04:39         1.8979408705064         79.0571         -1.4790         303.40
13:04:43         1.79794096059111         62.7973         -0.9831         303.40
13:04:47         1.69794123397439         49.8817         -0.6316         303.40
13:04:51         1.5979407602015         39.6224         -0.4012         303.40
13:04:55         1.49794089938297         31.4732         -0.2438         303.40
13:04:59         1.39794173163867         25.0001         -0.1566         303.40
13:05:03         1.29793988193963         19.8582         -0.1030         303.40
13:05:07         1.19794184111121         15.7740         -0.0504         303.40
13:05:11         1.09794068243622         12.5297         -0.0526         303.40
13:05:15         0.997940898731541         9.9527         -0.0346         303.40
13:05:19         0.897940341373011         7.9057         -0.0270         303.40
13:05:23         0.797938883024152         6.2797         -0.0166         303.40
13:05:27         0.697943874369764         4.9882         -0.0148         303.40
13:05:31         0.597936385571892         3.9622         -0.0259         303.40
13:05:34         0.497938142432874         3.1473         -0.0272         303.40
13:05:38         0.397940008672038         2.5000         -0.0462         303.40
13:05:42         0.29793551244985         1.9858         -0.0267         303.40
13:05:46         0.197941827982788         1.5774         -0.0461         303.40
13:05:50         0.0979510782661857         1.2530         -0.0674         303.40
#------------------------------------------------------------------
# Дата окончания эксперимента
#----------------------
# 11.05.2022
# 13:05:55
#----------------------
# Количество точек в скане 443
