12:14:52         3.39794000867204         2500.0000         -1.5950         283.40
12:14:56         3.29794002877041         1985.8207         -1.7420         283.40
12:14:59         3.19794009555258         1577.3937         -2.0460         283.40
12:15:03         3.09794019718123         1252.9686         -2.4350         283.40
12:15:07         2.99794030947142         995.2686         -2.9120         283.40
12:15:11         2.89794040109701         790.5701         -3.4300         283.40
12:15:15         2.79794048044319         627.9723         -4.0120         283.40
12:15:19         2.69794064943186         498.8163         -4.6450         283.40
12:15:23         2.59794067657697         396.2239         -5.3230         283.40
12:15:27         2.4979407677867         314.7319         -5.9690         283.40
12:15:31         2.3979408834098         250.0005         -6.5750         283.40
12:15:35         2.29794098316926         198.5825         -7.0670         283.40
12:15:39         2.19794101139409         157.7397         -7.4190         283.40
12:15:43         2.09794100637999         125.2971         -7.5800         283.40
12:15:47         1.99794134816669         99.5271         -7.4730         283.40
12:15:51         1.8979408705064         79.0571         -7.1360         283.40
12:15:55         1.79794096059111         62.7973         -6.5240         283.40
12:15:59         1.69794123397439         49.8817         -5.7130         283.40
12:16:03         1.5979407602015         39.6224         -4.7880         283.40
12:16:07         1.49794089938297         31.4732         -3.8410         283.40
12:16:11         1.39794173163867         25.0001         -2.9430         283.40
12:16:15         1.29793988193963         19.8582         -2.1800         283.40
12:16:19         1.19794184111121         15.7740         -1.5470         283.40
12:16:22         1.09794068243622         12.5297         -1.0530         283.40
12:16:26         0.997940898731541         9.9527         -0.6929         283.40
12:16:30         0.897940341373011         7.9057         -0.4428         283.40
12:16:34         0.797938883024152         6.2797         -0.2695         283.40
12:16:38         0.697943874369764         4.9882         -0.1506         283.40
12:16:42         0.597936385571892         3.9622         -0.0809         283.40
12:16:46         0.497938142432874         3.1473         -0.0940         283.40
12:16:50         0.397940008672038         2.5000         -0.0638         283.40
12:16:54         0.29793551244985         1.9858         -0.0639         283.40
12:16:58         0.197941827982788         1.5774         -0.0644         283.40
12:17:02         0.0979510782661857         1.2530         -0.0667         283.40
#------------------------------------------------------------------
# Дата окончания эксперимента
#----------------------
# 05.05.2022
# 12:17:07
#----------------------
# Количество точек в скане 417
