12:56:41         3.39794000867204         2500.0000         -3.8000         303.40
12:56:45         3.29794002877041         1985.8207         -3.7580         303.40
12:56:49         3.19794009555258         1577.3937         -3.6780         303.40
12:56:53         3.09794019718123         1252.9686         -3.4000         303.40
12:56:57         2.99794030947142         995.2686         -3.0860         303.40
12:57:01         2.89794040109701         790.5701         -2.8950         303.40
12:57:05         2.79794048044319         627.9723         -2.5320         303.40
12:57:09         2.69794064943186         498.8163         -2.0550         303.40
12:57:13         2.59794067657697         396.2239         -1.8310         303.40
12:57:17         2.4979407677867         314.7319         -1.6000         303.40
12:57:21         2.3979408834098         250.0005         -1.2960         303.40
12:57:25         2.29794098316926         198.5825         -1.0950         303.40
12:57:29         2.19794101139409         157.7397         -0.9108         303.40
12:57:33         2.09794100637999         125.2971         -0.7265         303.40
12:57:37         1.99794134816669         99.5271         -0.5452         303.40
12:57:41         1.8979408705064         79.0571         -0.5624         303.40
12:57:45         1.79794096059111         62.7973         -0.4153         303.40
12:57:48         1.69794123397439         49.8817         -0.4451         303.40
12:57:52         1.5979407602015         39.6224         -0.3638         303.40
12:57:56         1.49794089938297         31.4732         -0.3915         303.40
12:58:00         1.39794173163867         25.0001         -0.3929         303.40
12:58:04         1.29793988193963         19.8582         -0.2875         303.40
12:58:08         1.19794184111121         15.7740         -0.4807         303.40
12:58:12         1.09794068243622         12.5297         -0.4564         303.40
12:58:16         0.997940898731541         9.9527         -0.3490         303.40
12:58:20         0.897940341373011         7.9057         -0.1476         303.40
12:58:24         0.797938883024152         6.2797         -0.1637         303.40
12:58:28         0.697943874369764         4.9882         -0.3020         303.40
12:58:32         0.597936385571892         3.9622         -0.4825         303.40
12:58:36         0.497938142432874         3.1473         -0.6035         303.40
12:58:40         0.397940008672038         2.5000         -0.1611         303.40
12:58:44         0.29793551244985         1.9858         -0.0084         303.40
12:58:49         0.197941827982788         1.5774         -0.0221         303.40
12:58:52         0.0979510782661857         1.2530         -0.6433         303.40
#------------------------------------------------------------------
# Дата окончания эксперимента
#----------------------
# 11.05.2022
# 12:58:57
#----------------------
# Количество точек в скане 408
