14:26:41         3.39794000867204         2500.0000         -4.7450         303.30
14:26:45         3.29794002877041         1985.8207         -4.9770         303.30
14:26:49         3.19794009555258         1577.3937         -5.4770         303.30
14:26:53         3.09794019718123         1252.9686         -6.0160         303.30
14:26:57         2.99794030947142         995.2686         -6.4810         303.30
14:27:01         2.89794040109701         790.5701         -6.7900         303.30
14:27:05         2.79794048044319         627.9723         -6.9080         303.30
14:27:09         2.69794064943186         498.8163         -6.8080         303.30
14:27:13         2.59794067657697         396.2239         -6.4390         303.30
14:27:17         2.4979407677867         314.7319         -5.8460         303.30
14:27:21         2.3979408834098         250.0005         -5.0660         303.30
14:27:25         2.29794098316926         198.5825         -4.1970         303.30
14:27:29         2.19794101139409         157.7397         -3.3210         303.30
14:27:33         2.09794100637999         125.2971         -2.5220         303.30
14:27:37         1.99794134816669         99.5271         -1.8390         303.30
14:27:41         1.8979408705064         79.0571         -1.2670         303.30
14:27:45         1.79794096059111         62.7973         -0.8752         303.30
14:27:48         1.69794123397439         49.8817         -0.5814         303.30
14:27:52         1.5979407602015         39.6224         -0.3723         303.30
14:27:56         1.49794089938297         31.4732         -0.2478         303.30
14:28:00         1.39794173163867         25.0001         -0.1627         303.30
14:28:04         1.29793988193963         19.8582         -0.1256         303.30
14:28:08         1.19794184111121         15.7740         -0.0740         303.30
14:28:12         1.09794068243622         12.5297         -0.0485         303.30
14:28:16         0.997940898731541         9.9527         -0.0555         303.30
14:28:20         0.897940341373011         7.9057         -0.0415         303.30
14:28:24         0.797938883024152         6.2797         -0.0240         303.30
14:28:28         0.697943874369764         4.9882         -0.0160         303.30
14:28:32         0.597936385571892         3.9622         -0.0273         303.30
14:28:36         0.497938142432874         3.1473         -0.0151         303.30
14:28:40         0.397940008672038         2.5000         -0.0090         303.30
14:28:44         0.29793551244985         1.9858         -0.0473         303.30
14:28:48         0.197941827982788         1.5774         -0.0653         303.30
14:28:52         0.0979510782661857         1.2530         -0.0604         303.30
#------------------------------------------------------------------
# Дата окончания эксперимента
#----------------------
# 06.05.2022
# 14:28:57
#----------------------
# Количество точек в скане 495
