12:34:06         3.39794000867204         2500.0000         -1.9670         283.40
12:34:10         3.29794002877041         1985.8207         -2.0850         283.40
12:34:14         3.19794009555258         1577.3937         -2.3280         283.40
12:34:18         3.09794019718123         1252.9686         -2.6930         283.40
12:34:22         2.99794030947142         995.2686         -3.1180         283.40
12:34:26         2.89794040109701         790.5701         -3.5920         283.40
12:34:30         2.79794048044319         627.9723         -4.0380         283.40
12:34:34         2.69794064943186         498.8163         -4.4800         283.40
12:34:38         2.59794067657697         396.2239         -4.9260         283.40
12:34:42         2.4979407677867         314.7319         -5.3650         283.40
12:34:46         2.3979408834098         250.0005         -5.7390         283.40
12:34:50         2.29794098316926         198.5825         -5.9320         283.40
12:34:54         2.19794101139409         157.7397         -5.9950         283.40
12:34:58         2.09794100637999         125.2971         -5.9740         283.40
12:35:02         1.99794134816669         99.5271         -5.7630         283.40
12:35:06         1.8979408705064         79.0571         -5.3730         283.40
12:35:10         1.79794096059111         62.7973         -4.8000         283.40
12:35:14         1.69794123397439         49.8817         -4.1150         283.40
12:35:18         1.5979407602015         39.6224         -3.4010         283.40
12:35:22         1.49794089938297         31.4732         -2.6940         283.40
12:35:26         1.39794173163867         25.0001         -2.0640         283.40
12:35:30         1.29793988193963         19.8582         -1.5180         283.40
12:35:34         1.19794184111121         15.7740         -1.0880         283.40
12:35:37         1.09794068243622         12.5297         -0.7475         283.40
12:35:41         0.997940898731541         9.9527         -0.5196         283.40
12:35:45         0.897940341373011         7.9057         -0.3578         283.40
12:35:49         0.797938883024152         6.2797         -0.2336         283.40
12:35:53         0.697943874369764         4.9882         -0.1418         283.40
12:35:57         0.597936385571892         3.9622         -0.0792         283.40
12:36:01         0.497938142432874         3.1473         -0.1131         283.40
12:36:05         0.397940008672038         2.5000         -0.0946         283.40
12:36:09         0.29793551244985         1.9858         -0.0864         283.40
12:36:13         0.197941827982788         1.5774         -0.1627         283.40
12:36:17         0.0979510782661857         1.2530         -0.1622         283.40
#------------------------------------------------------------------
# Дата окончания эксперимента
#----------------------
# 05.05.2022
# 12:36:22
#----------------------
# Количество точек в скане 557
