13:18:13         3.39794000867204         2500.0000         -0.9502         262.60
13:18:17         3.29794002877041         1985.8207         -1.0070         262.60
13:18:20         3.19794009555258         1577.3937         -1.0750         262.60
13:18:24         3.09794019718123         1252.9686         -1.1880         262.60
13:18:28         2.99794030947142         995.2686         -1.3400         262.60
13:18:32         2.89794040109701         790.5701         -1.5130         262.60
13:18:36         2.79794048044319         627.9723         -1.7050         262.60
13:18:40         2.69794064943186         498.8163         -1.9720         262.60
13:18:44         2.59794067657697         396.2239         -2.2390         262.60
13:18:48         2.4979407677867         314.7319         -2.4990         262.60
13:18:52         2.3979408834098         250.0005         -2.8970         262.60
13:18:56         2.29794098316926         198.5825         -3.3470         262.60
13:19:00         2.19794101139409         157.7397         -3.6790         262.60
13:19:04         2.09794100637999         125.2971         -4.0740         262.60
13:19:08         1.99794134816669         99.5271         -4.6720         262.60
13:19:12         1.8979408705064         79.0571         -5.1670         262.60
13:19:16         1.79794096059111         62.7973         -5.3810         262.60
13:19:20         1.69794123397439         49.8817         -5.6440         262.60
13:19:24         1.5979407602015         39.6224         -5.8160         262.60
13:19:28         1.49794089938297         31.4732         -5.9880         262.60
13:19:32         1.39794173163867         25.0001         -6.0220         262.60
13:19:36         1.29793988193963         19.8582         -5.8270         262.60
13:19:40         1.19794184111121         15.7740         -5.4920         262.60
13:19:43         1.09794068243622         12.5297         -5.0200         262.60
13:19:47         0.997940898731541         9.9527         -4.4080         262.60
13:19:51         0.897940341373011         7.9057         -3.8820         262.60
13:19:55         0.797938883024152         6.2797         -3.1810         262.60
13:19:59         0.697943874369764         4.9882         -2.4940         262.60
13:20:03         0.597936385571892         3.9622         -1.7920         262.60
13:20:07         0.497938142432874         3.1473         -1.3210         262.60
13:20:11         0.397940008672038         2.5000         -1.0060         262.60
13:20:15         0.29793551244985         1.9858         -0.6735         262.60
13:20:19         0.197941827982788         1.5774         -0.2393         262.60
13:20:23         0.0979510782661857         1.2530         -0.4793         262.60
#------------------------------------------------------------------
# Дата окончания эксперимента
#----------------------
# 29.04.2022
# 13:20:28
#----------------------
# Количество точек в скане 567
