11:17:57         3.30102999566398         2000.0000         -6.4740         303.30
11:18:01         3.2010300024141         1588.6565         -6.7050         303.30
11:18:05         3.10103011615342         1261.9150         -7.1290         303.30
11:18:09         3.0010301735954         1002.3749         -7.4960         303.30
11:18:13         2.90103030312168         796.2149         -7.6860         303.30
11:18:17         2.80103039647127         632.4561         -7.6720         303.30
11:18:21         2.70103052547502         502.3779         -7.3910         303.30
11:18:25         2.60103058992606         399.0530         -6.8760         303.30
11:18:29         2.50103062175664         316.9791         -6.1410         303.30
11:18:33         2.40103072845939         251.7855         -5.2670         303.30
11:18:37         2.30103085714815         200.0004         -4.3110         303.30
11:18:41         2.20103095347593         158.8660         -3.3740         303.30
11:18:45         2.10103114542462         126.1918         -2.5380         303.30
11:18:49         2.00103109914944         100.2377         -1.8620         303.30
11:18:53         1.90103088572348         79.6216         -1.2820         303.30
11:18:56         1.80103100942761         63.2457         -0.8557         303.30
11:19:00         1.70103147521753         50.2379         -0.5508         303.30
11:19:04         1.6010305816229         39.9053         -0.3384         303.30
11:19:08         1.50103050154635         31.6979         -0.1949         303.30
11:19:12         1.40103158383445         25.1786         -0.1222         303.30
11:19:16         1.30102999566398         20.0000         -0.0269         303.30
11:19:20         1.20103094826178         15.8866         -0.0092         303.30
11:19:24         1.10103181497473         12.6192         -0.0113         303.30
11:19:28         1.00103238831071         10.0238         -0.0241         303.30
11:19:32         0.901033091280384         7.9622         -0.0142         303.30
11:19:36         0.801033078803748         6.3246         -0.0191         303.30
11:19:40         0.701032332622174         5.0238         -0.0150         303.30
11:19:44         0.601027312238355         3.9905         -0.0385         303.30
11:19:48         0.501031866976549         3.1698         -0.0627         303.30
11:19:52         0.401038476122047         2.5179         -0.0569         303.30
11:19:56         0.301029995663981         2.0000         -0.0214         303.30
11:20:00         0.201041910871892         1.5887         -0.0148         303.30
11:20:04         0.101024922497756         1.2619         -0.0002         303.30
11:20:08         0.00104107558772532         1.0024         -0.0096         303.30
#------------------------------------------------------------------
# Дата окончания эксперимента
#----------------------
# 12.05.2022
# 11:20:12
#----------------------
# Количество точек в скане 443
