14:33:17         3.39794000867204         2500.0000         -0.6090         262.90
14:33:21         3.29794002877041         1985.8207         -0.6396         262.90
14:33:25         3.19794009555258         1577.3937         -0.7245         262.90
14:33:29         3.09794019718123         1252.9686         -0.8051         262.90
14:33:33         2.99794030947142         995.2686         -0.9096         262.90
14:33:37         2.89794040109701         790.5701         -1.0410         262.90
14:33:41         2.79794048044319         627.9723         -1.2160         262.90
14:33:45         2.69794064943186         498.8163         -1.3980         262.90
14:33:49         2.59794067657697         396.2239         -1.6530         262.90
14:33:53         2.4979407677867         314.7319         -1.9390         262.90
14:33:57         2.3979408834098         250.0005         -2.2850         262.90
14:34:00         2.29794098316926         198.5825         -2.6720         262.90
14:34:04         2.19794101139409         157.7397         -3.0880         262.90
14:34:08         2.09794100637999         125.2971         -3.5480         262.90
14:34:12         1.99794134816669         99.5271         -4.0390         262.90
14:34:16         1.8979408705064         79.0571         -4.5830         262.90
14:34:20         1.79794096059111         62.7973         -5.1250         262.90
14:34:24         1.69794123397439         49.8817         -5.6790         262.90
14:34:28         1.5979407602015         39.6224         -6.1760         262.90
14:34:32         1.49794089938297         31.4732         -6.5600         262.90
14:34:36         1.39794173163867         25.0001         -6.7690         262.90
14:34:40         1.29793988193963         19.8582         -6.7970         262.90
14:34:44         1.19794184111121         15.7740         -6.6550         262.90
14:34:48         1.09794068243622         12.5297         -6.2590         262.90
14:34:52         0.997940898731541         9.9527         -5.6960         262.90
14:34:56         0.897940341373011         7.9057         -5.0220         262.90
14:35:00         0.797938883024152         6.2797         -4.1830         262.90
14:35:04         0.697943874369764         4.9882         -3.4280         262.90
14:35:08         0.597936385571892         3.9622         -2.6380         262.90
14:35:12         0.497938142432874         3.1473         -1.9260         262.90
14:35:15         0.397940008672038         2.5000         -1.4520         262.90
14:35:19         0.29793551244985         1.9858         -1.0340         262.90
14:35:23         0.197941827982788         1.5774         -0.7655         262.90
14:35:27         0.0979510782661857         1.2530         -0.5423         262.90
#------------------------------------------------------------------
# Дата окончания эксперимента
#----------------------
# 28.04.2022
# 14:35:32
#----------------------
# Количество точек в скане 1376
