12:36:33         3.39794000867204         2500.0000         -6.1870         303.40
12:36:37         3.29794002877041         1985.8207         -6.4480         303.40
12:36:41         3.19794009555258         1577.3937         -6.9450         303.40
12:36:45         3.09794019718123         1252.9686         -7.4140         303.40
12:36:49         2.99794030947142         995.2686         -7.7470         303.40
12:36:53         2.89794040109701         790.5701         -7.9490         303.40
12:36:57         2.79794048044319         627.9723         -7.8700         303.40
12:37:01         2.69794064943186         498.8163         -7.5520         303.40
12:37:05         2.59794067657697         396.2239         -6.9860         303.40
12:37:09         2.4979407677867         314.7319         -6.2250         303.40
12:37:13         2.3979408834098         250.0005         -5.3510         303.40
12:37:17         2.29794098316926         198.5825         -4.4110         303.40
12:37:21         2.19794101139409         157.7397         -3.4750         303.40
12:37:25         2.09794100637999         125.2971         -2.6040         303.40
12:37:28         1.99794134816669         99.5271         -1.9310         303.40
12:37:32         1.8979408705064         79.0571         -1.3260         303.40
12:37:36         1.79794096059111         62.7973         -0.8955         303.40
12:37:40         1.69794123397439         49.8817         -0.6081         303.40
12:37:44         1.5979407602015         39.6224         -0.4280         303.40
12:37:48         1.49794089938297         31.4732         -0.2911         303.40
12:37:52         1.39794173163867         25.0001         -0.1810         303.40
12:37:56         1.29793988193963         19.8582         -0.1382         303.40
12:38:00         1.19794184111121         15.7740         -0.1169         303.40
12:38:04         1.09794068243622         12.5297         -0.0560         303.40
12:38:08         0.997940898731541         9.9527         -0.0464         303.40
12:38:12         0.897940341373011         7.9057         -0.1021         303.40
12:38:16         0.797938883024152         6.2797         -0.0940         303.40
12:38:20         0.697943874369764         4.9882         -0.0739         303.40
12:38:24         0.597936385571892         3.9622         -0.0739         303.40
12:38:28         0.497938142432874         3.1473         -0.0449         303.40
12:38:32         0.397940008672038         2.5000         -0.0412         303.40
12:38:36         0.29793551244985         1.9858         -0.1166         303.40
12:38:40         0.197941827982788         1.5774         -0.1294         303.40
12:38:43         0.0979510782661857         1.2530         -0.0987         303.40
#------------------------------------------------------------------
# Дата окончания эксперимента
#----------------------
# 11.05.2022
# 12:38:48
#----------------------
# Количество точек в скане 255
