15:18:17         3.39794000867204         2500.0000         -5.3090         303.30
15:18:21         3.29794002877041         1985.8207         -5.5840         303.30
15:18:25         3.19794009555258         1577.3937         -6.1560         303.30
15:18:29         3.09794019718123         1252.9686         -6.7430         303.30
15:18:33         2.99794030947142         995.2686         -7.2780         303.30
15:18:37         2.89794040109701         790.5701         -7.6550         303.30
15:18:41         2.79794048044319         627.9723         -7.8270         303.30
15:18:45         2.69794064943186         498.8163         -7.7210         303.30
15:18:49         2.59794067657697         396.2239         -7.3020         303.30
15:18:53         2.4979407677867         314.7319         -6.6310         303.30
15:18:57         2.3979408834098         250.0005         -5.7860         303.30
15:19:01         2.29794098316926         198.5825         -4.8130         303.30
15:19:05         2.19794101139409         157.7397         -3.8130         303.30
15:19:09         2.09794100637999         125.2971         -2.8920         303.30
15:19:13         1.99794134816669         99.5271         -2.1170         303.30
15:19:17         1.8979408705064         79.0571         -1.4970         303.30
15:19:21         1.79794096059111         62.7973         -1.0250         303.30
15:19:25         1.69794123397439         49.8817         -0.6822         303.30
15:19:29         1.5979407602015         39.6224         -0.4434         303.30
15:19:33         1.49794089938297         31.4732         -0.2829         303.30
15:19:36         1.39794173163867         25.0001         -0.1758         303.30
15:19:40         1.29793988193963         19.8582         -0.1115         303.30
15:19:44         1.19794184111121         15.7740         -0.0702         303.30
15:19:48         1.09794068243622         12.5297         -0.0471         303.30
15:19:52         0.997940898731541         9.9527         -0.0510         303.30
15:19:56         0.897940341373011         7.9057         -0.0598         303.30
15:20:00         0.797938883024152         6.2797         -0.0504         303.30
15:20:04         0.697943874369764         4.9882         -0.0551         303.30
15:20:08         0.597936385571892         3.9622         -0.0502         303.30
15:20:12         0.497938142432874         3.1473         -0.0626         303.30
15:20:16         0.397940008672038         2.5000         -0.0363         303.30
15:20:20         0.29793551244985         1.9858         -0.0557         303.30
15:20:24         0.197941827982788         1.5774         -0.0420         303.30
15:20:28         0.0979510782661857         1.2530         -0.0444         303.30
#------------------------------------------------------------------
# Дата окончания эксперимента
#----------------------
# 06.05.2022
# 15:20:33
#----------------------
# Количество точек в скане 854
