13:43:28         3.39794000867204         2500.0000         -4.8860         303.40
13:43:32         3.29794002877041         1985.8207         -5.1100         303.40
13:43:36         3.19794009555258         1577.3937         -5.5830         303.40
13:43:40         3.09794019718123         1252.9686         -6.0770         303.40
13:43:44         2.99794030947142         995.2686         -6.4810         303.40
13:43:48         2.89794040109701         790.5701         -6.7230         303.40
13:43:52         2.79794048044319         627.9723         -6.7860         303.40
13:43:56         2.69794064943186         498.8163         -6.6360         303.40
13:44:00         2.59794067657697         396.2239         -6.2180         303.40
13:44:04         2.4979407677867         314.7319         -5.5810         303.40
13:44:08         2.3979408834098         250.0005         -4.8050         303.40
13:44:12         2.29794098316926         198.5825         -3.9800         303.40
13:44:16         2.19794101139409         157.7397         -3.1290         303.40
13:44:20         2.09794100637999         125.2971         -2.3570         303.40
13:44:24         1.99794134816669         99.5271         -1.6930         303.40
13:44:28         1.8979408705064         79.0571         -1.1720         303.40
13:44:32         1.79794096059111         62.7973         -0.7973         303.40
13:44:36         1.69794123397439         49.8817         -0.5374         303.40
13:44:40         1.5979407602015         39.6224         -0.3343         303.40
13:44:44         1.49794089938297         31.4732         -0.2124         303.40
13:44:48         1.39794173163867         25.0001         -0.1387         303.40
13:44:52         1.29793988193963         19.8582         -0.1112         303.40
13:44:56         1.19794184111121         15.7740         -0.0752         303.40
13:45:00         1.09794068243622         12.5297         -0.0455         303.40
13:45:03         0.997940898731541         9.9527         -0.0388         303.40
13:45:07         0.897940341373011         7.9057         -0.0319         303.40
13:45:11         0.797938883024152         6.2797         -0.0484         303.40
13:45:15         0.697943874369764         4.9882         -0.0467         303.40
13:45:19         0.597936385571892         3.9622         -0.0198         303.40
13:45:23         0.497938142432874         3.1473         -0.0232         303.40
13:45:27         0.397940008672038         2.5000         -0.0133         303.40
13:45:31         0.29793551244985         1.9858         0.0153         303.40
13:45:35         0.197941827982788         1.5774         -0.0458         303.40
13:45:39         0.0979510782661857         1.2530         -0.0227         303.40
#------------------------------------------------------------------
# Дата окончания эксперимента
#----------------------
# 11.05.2022
# 13:45:44
#----------------------
# Количество точек в скане 758
