11:23:53         3.30102999566398         2000.0000         -8.1320         303.30
11:23:56         3.2010300024141         1588.6565         -8.3280         303.30
11:24:00         3.10103011615342         1261.9150         -8.6230         303.30
11:24:04         3.0010301735954         1002.3749         -8.7860         303.30
11:24:08         2.90103030312168         796.2149         -8.7730         303.30
11:24:12         2.80103039647127         632.4561         -8.5180         303.30
11:24:16         2.70103052547502         502.3779         -8.0090         303.30
11:24:20         2.60103058992606         399.0530         -7.2930         303.30
11:24:24         2.50103062175664         316.9791         -6.3740         303.30
11:24:28         2.40103072845939         251.7855         -5.3700         303.30
11:24:32         2.30103085714815         200.0004         -4.3750         303.30
11:24:36         2.20103095347593         158.8660         -3.4180         303.30
11:24:40         2.10103114542462         126.1918         -2.5420         303.30
11:24:44         2.00103109914944         100.2377         -1.8860         303.30
11:24:48         1.90103088572348         79.6216         -1.2790         303.30
11:24:52         1.80103100942761         63.2457         -0.8817         303.30
11:24:56         1.70103147521753         50.2379         -0.5762         303.30
11:25:00         1.6010305816229         39.9053         -0.3946         303.30
11:25:04         1.50103050154635         31.6979         -0.2849         303.30
11:25:08         1.40103158383445         25.1786         -0.1816         303.30
11:25:12         1.30102999566398         20.0000         -0.2280         303.30
11:25:16         1.20103094826178         15.8866         -0.1555         303.30
11:25:19         1.10103181497473         12.6192         -0.1181         303.30
11:25:23         1.00103238831071         10.0238         -0.0838         303.30
11:25:27         0.901033091280384         7.9622         -0.0714         303.30
11:25:31         0.801033078803748         6.3246         -0.0415         303.30
11:25:35         0.701032332622174         5.0238         -0.0664         303.30
11:25:39         0.601027312238355         3.9905         -0.0531         303.30
11:25:43         0.501031866976549         3.1698         -0.1141         303.30
11:25:47         0.401038476122047         2.5179         -0.1227         303.30
11:25:51         0.301029995663981         2.0000         -0.1572         303.30
11:25:55         0.201041910871892         1.5887         -0.1970         303.30
11:25:59         0.101024922497756         1.2619         -0.3102         303.30
11:26:03         0.00104107558772532         1.0024         -0.1552         303.30
#------------------------------------------------------------------
# Дата окончания эксперимента
#----------------------
# 12.05.2022
# 11:26:08
#----------------------
# Количество точек в скане 497
