14:48:09         3.39794000867204         2500.0000         -0.5840         262.90
14:48:13         3.29794002877041         1985.8207         -0.5887         262.90
14:48:17         3.19794009555258         1577.3937         -0.6134         262.90
14:48:21         3.09794019718123         1252.9686         -0.7361         262.90
14:48:25         2.99794030947142         995.2686         -0.8240         262.90
14:48:29         2.89794040109701         790.5701         -0.9528         262.90
14:48:33         2.79794048044319         627.9723         -1.0600         262.90
14:48:37         2.69794064943186         498.8163         -1.1910         262.90
14:48:41         2.59794067657697         396.2239         -1.4050         262.90
14:48:45         2.4979407677867         314.7319         -1.6400         262.90
14:48:49         2.3979408834098         250.0005         -1.8770         262.90
14:48:53         2.29794098316926         198.5825         -2.1360         262.90
14:48:57         2.19794101139409         157.7397         -2.4380         262.90
14:49:01         2.09794100637999         125.2971         -2.7450         262.90
14:49:05         1.99794134816669         99.5271         -3.0850         262.90
14:49:09         1.8979408705064         79.0571         -3.5100         262.90
14:49:13         1.79794096059111         62.7973         -3.7660         262.90
14:49:17         1.69794123397439         49.8817         -4.0250         262.90
14:49:21         1.5979407602015         39.6224         -4.2350         262.90
14:49:25         1.49794089938297         31.4732         -4.4210         262.90
14:49:29         1.39794173163867         25.0001         -4.4790         262.90
14:49:33         1.29793988193963         19.8582         -4.3700         262.90
14:49:36         1.19794184111121         15.7740         -4.1310         262.90
14:49:40         1.09794068243622         12.5297         -3.8020         262.90
14:49:44         0.997940898731541         9.9527         -3.4440         262.90
14:49:48         0.897940341373011         7.9057         -2.9610         262.90
14:49:52         0.797938883024152         6.2797         -2.4600         262.90
14:49:56         0.697943874369764         4.9882         -2.0160         262.90
14:50:00         0.597936385571892         3.9622         -1.5500         262.90
14:50:04         0.497938142432874         3.1473         -1.1730         262.90
14:50:08         0.397940008672038         2.5000         -0.8904         262.90
14:50:12         0.29793551244985         1.9858         -0.5814         262.90
14:50:16         0.197941827982788         1.5774         -0.4596         262.90
14:50:20         0.0979510782661857         1.2530         -0.4749         262.90
#------------------------------------------------------------------
# Дата окончания эксперимента
#----------------------
# 28.04.2022
# 14:50:25
#----------------------
# Количество точек в скане 1481
