14:00:27         3.39794000867204         2500.0000         -0.6247         262.90
14:00:31         3.29794002877041         1985.8207         -0.6474         262.90
14:00:35         3.19794009555258         1577.3937         -0.7416         262.90
14:00:39         3.09794019718123         1252.9686         -0.8337         262.90
14:00:43         2.99794030947142         995.2686         -0.9048         262.90
14:00:47         2.89794040109701         790.5701         -1.0020         262.90
14:00:51         2.79794048044319         627.9723         -1.1820         262.90
14:00:55         2.69794064943186         498.8163         -1.3140         262.90
14:00:59         2.59794067657697         396.2239         -1.5010         262.90
14:01:03         2.4979407677867         314.7319         -1.6620         262.90
14:01:07         2.3979408834098         250.0005         -1.8940         262.90
14:01:11         2.29794098316926         198.5825         -2.1580         262.90
14:01:15         2.19794101139409         157.7397         -2.4170         262.90
14:01:19         2.09794100637999         125.2971         -2.7300         262.90
14:01:22         1.99794134816669         99.5271         -3.0200         262.90
14:01:26         1.8979408705064         79.0571         -3.3800         262.90
14:01:30         1.79794096059111         62.7973         -3.5590         262.90
14:01:34         1.69794123397439         49.8817         -3.7370         262.90
14:01:38         1.5979407602015         39.6224         -3.8690         262.90
14:01:42         1.49794089938297         31.4732         -3.9190         262.90
14:01:46         1.39794173163867         25.0001         -3.9010         262.90
14:01:50         1.29793988193963         19.8582         -3.7440         262.90
14:01:54         1.19794184111121         15.7740         -3.5020         262.90
14:01:58         1.09794068243622         12.5297         -3.1800         262.90
14:02:02         0.997940898731541         9.9527         -2.8500         262.90
14:02:06         0.897940341373011         7.9057         -2.4360         262.90
14:02:10         0.797938883024152         6.2797         -1.9680         262.90
14:02:14         0.697943874369764         4.9882         -1.5920         262.90
14:02:18         0.597936385571892         3.9622         -1.2440         262.90
14:02:22         0.497938142432874         3.1473         -0.8917         262.90
14:02:26         0.397940008672038         2.5000         -0.6290         262.90
14:02:30         0.29793551244985         1.9858         -0.5928         262.90
14:02:33         0.197941827982788         1.5774         -0.5035         262.90
14:02:37         0.0979510782661857         1.2530         -0.4163         262.90
#------------------------------------------------------------------
# Дата окончания эксперимента
#----------------------
# 28.04.2022
# 14:02:42
#----------------------
# Количество точек в скане 1171
