14:38:00         3.39794000867204         2500.0000         -0.6255         262.90
14:38:04         3.29794002877041         1985.8207         -0.6483         262.90
14:38:08         3.19794009555258         1577.3937         -0.7066         262.80
14:38:12         3.09794019718123         1252.9686         -0.7527         262.90
14:38:16         2.99794030947142         995.2686         -0.8606         262.90
14:38:20         2.89794040109701         790.5701         -1.0130         262.90
14:38:24         2.79794048044319         627.9723         -1.1850         262.90
14:38:28         2.69794064943186         498.8163         -1.3780         262.90
14:38:32         2.59794067657697         396.2239         -1.5820         262.90
14:38:36         2.4979407677867         314.7319         -1.8790         262.90
14:38:40         2.3979408834098         250.0005         -2.2390         262.90
14:38:44         2.29794098316926         198.5825         -2.6100         262.90
14:38:47         2.19794101139409         157.7397         -2.9860         262.90
14:38:51         2.09794100637999         125.2971         -3.3870         262.90
14:38:55         1.99794134816669         99.5271         -3.8360         262.90
14:38:59         1.8979408705064         79.0571         -4.3150         262.90
14:39:03         1.79794096059111         62.7973         -4.8340         262.90
14:39:07         1.69794123397439         49.8817         -5.3650         262.90
14:39:11         1.5979407602015         39.6224         -5.7890         262.90
14:39:15         1.49794089938297         31.4732         -6.0910         262.90
14:39:19         1.39794173163867         25.0001         -6.2610         262.90
14:39:23         1.29793988193963         19.8582         -6.2770         262.90
14:39:27         1.19794184111121         15.7740         -6.0880         262.90
14:39:31         1.09794068243622         12.5297         -5.7500         262.80
14:39:35         0.997940898731541         9.9527         -5.2730         262.90
14:39:39         0.897940341373011         7.9057         -4.5820         262.90
14:39:43         0.797938883024152         6.2797         -3.7940         262.90
14:39:47         0.697943874369764         4.9882         -3.0010         262.90
14:39:51         0.597936385571892         3.9622         -2.3100         262.90
14:39:55         0.497938142432874         3.1473         -1.7490         262.80
14:39:59         0.397940008672038         2.5000         -1.2850         262.90
14:40:03         0.29793551244985         1.9858         -0.9846         262.90
14:40:06         0.197941827982788         1.5774         -0.7942         262.90
14:40:10         0.0979510782661857         1.2530         -0.6123         262.90
#------------------------------------------------------------------
# Дата окончания эксперимента
#----------------------
# 28.04.2022
# 14:40:15
#----------------------
# Количество точек в скане 1411
