12:43:38         3.39794000867204         2500.0000         -0.3275         263.00
12:43:42         3.29794002877041         1985.8207         -0.3578         263.00
12:43:46         3.19794009555258         1577.3937         -0.4462         263.00
12:43:50         3.09794019718123         1252.9686         -0.5032         263.00
12:43:54         2.99794030947142         995.2686         -0.5492         263.00
12:43:58         2.89794040109701         790.5701         -0.6613         263.00
12:44:02         2.79794048044319         627.9723         -0.7657         262.90
12:44:06         2.69794064943186         498.8163         -0.9009         263.00
12:44:09         2.59794067657697         396.2239         -1.0340         263.00
12:44:13         2.4979407677867         314.7319         -1.2360         263.00
12:44:17         2.3979408834098         250.0005         -1.4850         263.00
12:44:21         2.29794098316926         198.5825         -1.7180         263.00
12:44:25         2.19794101139409         157.7397         -1.9950         263.00
12:44:29         2.09794100637999         125.2971         -2.3000         263.00
12:44:33         1.99794134816669         99.5271         -2.6820         263.00
12:44:37         1.8979408705064         79.0571         -3.0610         263.00
12:44:41         1.79794096059111         62.7973         -3.3970         263.00
12:44:45         1.69794123397439         49.8817         -3.7140         263.00
12:44:49         1.5979407602015         39.6224         -4.0370         263.00
12:44:53         1.49794089938297         31.4732         -4.2880         263.00
12:44:57         1.39794173163867         25.0001         -4.4170         263.00
12:45:01         1.29793988193963         19.8582         -4.4490         263.00
12:45:05         1.19794184111121         15.7740         -4.3150         263.00
12:45:09         1.09794068243622         12.5297         -4.0650         263.00
12:45:13         0.997940898731541         9.9527         -3.7030         263.00
12:45:17         0.897940341373011         7.9057         -3.2150         263.00
12:45:21         0.797938883024152         6.2797         -2.6760         263.00
12:45:25         0.697943874369764         4.9882         -2.1380         263.00
12:45:29         0.597936385571892         3.9622         -1.6350         263.00
12:45:32         0.497938142432874         3.1473         -1.2190         263.00
12:45:36         0.397940008672038         2.5000         -0.8733         263.00
12:45:40         0.29793551244985         1.9858         -0.6215         263.00
12:45:44         0.197941827982788         1.5774         -0.4292         263.00
12:45:48         0.0979510782661857         1.2530         -0.3029         263.00
#------------------------------------------------------------------
# Дата окончания эксперимента
#----------------------
# 28.04.2022
# 12:45:53
#----------------------
# Количество точек в скане 724
