13:54:52         3.39794000867204         2500.0000         -0.6506         262.90
13:54:56         3.29794002877041         1985.8207         -0.7042         262.90
13:55:00         3.19794009555258         1577.3937         -0.7526         262.90
13:55:04         3.09794019718123         1252.9686         -0.8667         262.90
13:55:08         2.99794030947142         995.2686         -0.9561         262.90
13:55:11         2.89794040109701         790.5701         -1.0720         262.90
13:55:15         2.79794048044319         627.9723         -1.2570         262.90
13:55:19         2.69794064943186         498.8163         -1.4790         262.90
13:55:23         2.59794067657697         396.2239         -1.7270         262.90
13:55:27         2.4979407677867         314.7319         -1.9750         262.90
13:55:31         2.3979408834098         250.0005         -2.2520         262.90
13:55:35         2.29794098316926         198.5825         -2.5890         262.90
13:55:39         2.19794101139409         157.7397         -2.9760         262.90
13:55:43         2.09794100637999         125.2971         -3.4050         262.90
13:55:47         1.99794134816669         99.5271         -3.8270         262.90
13:55:51         1.8979408705064         79.0571         -4.3150         262.90
13:55:55         1.79794096059111         62.7973         -4.7430         262.90
13:55:59         1.69794123397439         49.8817         -5.1130         262.90
13:56:03         1.5979407602015         39.6224         -5.4520         262.90
13:56:07         1.49794089938297         31.4732         -5.7010         262.90
13:56:11         1.39794173163867         25.0001         -5.7970         262.90
13:56:15         1.29793988193963         19.8582         -5.7600         262.90
13:56:19         1.19794184111121         15.7740         -5.5210         262.90
13:56:23         1.09794068243622         12.5297         -5.1590         262.90
13:56:27         0.997940898731541         9.9527         -4.5940         262.90
13:56:31         0.897940341373011         7.9057         -3.9750         262.90
13:56:34         0.797938883024152         6.2797         -3.2500         262.90
13:56:38         0.697943874369764         4.9882         -2.6810         262.90
13:56:42         0.597936385571892         3.9622         -2.1050         262.90
13:56:46         0.497938142432874         3.1473         -1.5850         262.90
13:56:50         0.397940008672038         2.5000         -1.1970         262.90
13:56:54         0.29793551244985         1.9858         -0.8742         262.90
13:56:58         0.197941827982788         1.5774         -0.6868         262.90
13:57:02         0.0979510782661857         1.2530         -0.5600         262.90
#------------------------------------------------------------------
# Дата окончания эксперимента
#----------------------
# 28.04.2022
# 13:57:07
#----------------------
# Количество точек в скане 1136
