15:00:40         3.39794000867204         2500.0000         -1.3450         283.20
15:00:44         3.29794002877041         1985.8207         -1.4350         283.20
15:00:48         3.19794009555258         1577.3937         -1.6320         283.20
15:00:52         3.09794019718123         1252.9686         -1.8740         283.20
15:00:56         2.99794030947142         995.2686         -2.1240         283.20
15:01:00         2.89794040109701         790.5701         -2.4060         283.20
15:01:04         2.79794048044319         627.9723         -2.7030         283.20
15:01:08         2.69794064943186         498.8163         -2.9810         283.20
15:01:12         2.59794067657697         396.2239         -3.2420         283.20
15:01:16         2.4979407677867         314.7319         -3.4640         283.20
15:01:19         2.3979408834098         250.0005         -3.6310         283.20
15:01:23         2.29794098316926         198.5825         -3.7740         283.20
15:01:27         2.19794101139409         157.7397         -3.7740         283.20
15:01:31         2.09794100637999         125.2971         -3.7100         283.20
15:01:35         1.99794134816669         99.5271         -3.4410         283.20
15:01:39         1.8979408705064         79.0571         -3.2250         283.20
15:01:43         1.79794096059111         62.7973         -2.8840         283.20
15:01:47         1.69794123397439         49.8817         -2.5070         283.20
15:01:51         1.5979407602015         39.6224         -2.0770         283.20
15:01:55         1.49794089938297         31.4732         -1.6370         283.20
15:01:59         1.39794173163867         25.0001         -1.2470         283.30
15:02:03         1.29793988193963         19.8582         -0.9467         283.20
15:02:07         1.19794184111121         15.7740         -0.6818         283.20
15:02:11         1.09794068243622         12.5297         -0.5261         283.20
15:02:15         0.997940898731541         9.9527         -0.3281         283.30
15:02:19         0.897940341373011         7.9057         -0.2333         283.30
15:02:23         0.797938883024152         6.2797         -0.1556         283.20
15:02:27         0.697943874369764         4.9882         -0.1137         283.20
15:02:31         0.597936385571892         3.9622         -0.1012         283.20
15:02:35         0.497938142432874         3.1473         -0.0912         283.20
15:02:38         0.397940008672038         2.5000         -0.1099         283.30
15:02:42         0.29793551244985         1.9858         -0.0616         283.20
15:02:46         0.197941827982788         1.5774         -0.1440         283.20
15:02:50         0.0979510782661857         1.2530         -0.1625         283.30
#------------------------------------------------------------------
# Дата окончания эксперимента
#----------------------
# 04.05.2022
# 15:02:55
#----------------------
# Количество точек в скане 140
