15:26:56         3.39794000867204         2500.0000         -0.5797         262.90
15:27:00         3.29794002877041         1985.8207         -0.6252         262.90
15:27:03         3.19794009555258         1577.3937         -0.7164         262.90
15:27:07         3.09794019718123         1252.9686         -0.8372         262.90
15:27:11         2.99794030947142         995.2686         -0.9186         262.90
15:27:15         2.89794040109701         790.5701         -1.0150         262.90
15:27:19         2.79794048044319         627.9723         -1.1220         262.90
15:27:23         2.69794064943186         498.8163         -1.3490         262.90
15:27:27         2.59794067657697         396.2239         -1.6370         262.90
15:27:31         2.4979407677867         314.7319         -1.8370         262.90
15:27:35         2.3979408834098         250.0005         -2.1170         262.90
15:27:39         2.29794098316926         198.5825         -2.4540         262.90
15:27:43         2.19794101139409         157.7397         -2.8650         262.90
15:27:47         2.09794100637999         125.2971         -3.2880         262.90
15:27:51         1.99794134816669         99.5271         -3.7980         262.90
15:27:55         1.8979408705064         79.0571         -4.3370         262.90
15:27:59         1.79794096059111         62.7973         -4.8710         262.90
15:28:03         1.69794123397439         49.8817         -5.2900         263.00
15:28:07         1.5979407602015         39.6224         -5.7430         262.90
15:28:11         1.49794089938297         31.4732         -6.0710         262.90
15:28:15         1.39794173163867         25.0001         -6.3050         262.90
15:28:19         1.29793988193963         19.8582         -6.3610         262.90
15:28:23         1.19794184111121         15.7740         -6.2450         262.90
15:28:27         1.09794068243622         12.5297         -5.8720         263.00
15:28:31         0.997940898731541         9.9527         -5.3460         263.00
15:28:35         0.897940341373011         7.9057         -4.7120         263.00
15:28:38         0.797938883024152         6.2797         -3.9300         263.00
15:28:42         0.697943874369764         4.9882         -3.1430         262.90
15:28:46         0.597936385571892         3.9622         -2.4180         263.00
15:28:50         0.497938142432874         3.1473         -1.8220         263.00
15:28:54         0.397940008672038         2.5000         -1.3220         263.00
15:28:58         0.29793551244985         1.9858         -0.8894         262.90
15:29:02         0.197941827982788         1.5774         -0.5698         262.90
15:29:06         0.0979510782661857         1.2530         -0.4443         262.90
#------------------------------------------------------------------
# Дата окончания эксперимента
#----------------------
# 28.04.2022
# 15:29:11
#----------------------
# Количество точек в скане 1621
