12:18:51         3.39794000867204         2500.0000         -1.4420         283.40
12:18:55         3.29794002877041         1985.8207         -1.5600         283.40
12:18:59         3.19794009555258         1577.3937         -1.8260         283.40
12:19:03         3.09794019718123         1252.9686         -2.1640         283.40
12:19:07         2.99794030947142         995.2686         -2.5960         283.40
12:19:11         2.89794040109701         790.5701         -3.0630         283.40
12:19:15         2.79794048044319         627.9723         -3.5400         283.40
12:19:19         2.69794064943186         498.8163         -4.0580         283.40
12:19:23         2.59794067657697         396.2239         -4.5930         283.40
12:19:26         2.4979407677867         314.7319         -5.1480         283.40
12:19:30         2.3979408834098         250.0005         -5.6530         283.40
12:19:34         2.29794098316926         198.5825         -6.0680         283.40
12:19:38         2.19794101139409         157.7397         -6.3390         283.40
12:19:42         2.09794100637999         125.2971         -6.4130         283.40
12:19:46         1.99794134816669         99.5271         -6.2870         283.40
12:19:50         1.8979408705064         79.0571         -5.9680         283.40
12:19:54         1.79794096059111         62.7973         -5.4510         283.40
12:19:58         1.69794123397439         49.8817         -4.7580         283.40
12:20:02         1.5979407602015         39.6224         -3.9740         283.40
12:20:06         1.49794089938297         31.4732         -3.1880         283.40
12:20:10         1.39794173163867         25.0001         -2.4320         283.40
12:20:14         1.29793988193963         19.8582         -1.7890         283.40
12:20:18         1.19794184111121         15.7740         -1.2710         283.40
12:20:22         1.09794068243622         12.5297         -0.8630         283.40
12:20:26         0.997940898731541         9.9527         -0.5864         283.40
12:20:30         0.897940341373011         7.9057         -0.3946         283.40
12:20:34         0.797938883024152         6.2797         -0.2322         283.40
12:20:38         0.697943874369764         4.9882         -0.1378         283.40
12:20:42         0.597936385571892         3.9622         -0.1027         283.40
12:20:46         0.497938142432874         3.1473         -0.0763         283.40
12:20:49         0.397940008672038         2.5000         -0.0955         283.40
12:20:53         0.29793551244985         1.9858         -0.0484         283.40
12:20:57         0.197941827982788         1.5774         -0.0325         283.40
12:21:01         0.0979510782661857         1.2530         -0.0040         283.40
#------------------------------------------------------------------
# Дата окончания эксперимента
#----------------------
# 05.05.2022
# 12:21:06
#----------------------
# Количество точек в скане 452
