12:59:59         3.39794000867204         2500.0000         -1.2820         283.40
13:00:03         3.29794002877041         1985.8207         -1.3850         283.40
13:00:07         3.19794009555258         1577.3937         -1.6050         283.40
13:00:11         3.09794019718123         1252.9686         -1.8740         283.40
13:00:15         2.99794030947142         995.2686         -2.2070         283.40
13:00:19         2.89794040109701         790.5701         -2.5530         283.40
13:00:23         2.79794048044319         627.9723         -2.9250         283.40
13:00:27         2.69794064943186         498.8163         -3.3360         283.40
13:00:31         2.59794067657697         396.2239         -3.7590         283.40
13:00:35         2.4979407677867         314.7319         -4.1650         283.40
13:00:39         2.3979408834098         250.0005         -4.4910         283.40
13:00:43         2.29794098316926         198.5825         -4.7690         283.40
13:00:47         2.19794101139409         157.7397         -4.9250         283.40
13:00:51         2.09794100637999         125.2971         -4.9340         283.40
13:00:55         1.99794134816669         99.5271         -4.7870         283.40
13:00:59         1.8979408705064         79.0571         -4.4880         283.40
13:01:02         1.79794096059111         62.7973         -4.0670         283.40
13:01:06         1.69794123397439         49.8817         -3.5480         283.40
13:01:10         1.5979407602015         39.6224         -2.9430         283.40
13:01:14         1.49794089938297         31.4732         -2.3370         283.40
13:01:18         1.39794173163867         25.0001         -1.7860         283.40
13:01:22         1.29793988193963         19.8582         -1.3040         283.40
13:01:26         1.19794184111121         15.7740         -0.9189         283.40
13:01:30         1.09794068243622         12.5297         -0.6319         283.40
13:01:34         0.997940898731541         9.9527         -0.4117         283.40
13:01:38         0.897940341373011         7.9057         -0.2652         283.40
13:01:42         0.797938883024152         6.2797         -0.2138         283.40
13:01:46         0.697943874369764         4.9882         -0.1384         283.40
13:01:50         0.597936385571892         3.9622         -0.1152         283.40
13:01:54         0.497938142432874         3.1473         -0.0380         283.40
13:01:58         0.397940008672038         2.5000         -0.0111         283.40
13:02:02         0.29793551244985         1.9858         -0.0194         283.40
13:02:06         0.197941827982788         1.5774         -0.0266         283.40
13:02:10         0.0979510782661857         1.2530         -0.0502         283.40
#------------------------------------------------------------------
# Дата окончания эксперимента
#----------------------
# 05.05.2022
# 13:02:14
#----------------------
# Количество точек в скане 767
