14:47:50         3.39794000867204         2500.0000         -1.9110         283.40
14:47:54         3.29794002877041         1985.8207         -1.9100         283.40
14:47:58         3.19794009555258         1577.3937         -2.0310         283.40
14:48:02         3.09794019718123         1252.9686         -2.0810         283.40
14:48:06         2.99794030947142         995.2686         -2.1180         283.40
14:48:10         2.89794040109701         790.5701         -2.2060         283.40
14:48:14         2.79794048044319         627.9723         -2.1520         283.40
14:48:18         2.69794064943186         498.8163         -2.2090         283.40
14:48:22         2.59794067657697         396.2239         -2.1930         283.40
14:48:26         2.4979407677867         314.7319         -2.1350         283.40
14:48:30         2.3979408834098         250.0005         -2.0380         283.40
14:48:34         2.29794098316926         198.5825         -1.9920         283.40
14:48:38         2.19794101139409         157.7397         -1.8850         283.40
14:48:42         2.09794100637999         125.2971         -1.6460         283.40
14:48:46         1.99794134816669         99.5271         -1.4740         283.40
14:48:50         1.8979408705064         79.0571         -1.2340         283.40
14:48:54         1.79794096059111         62.7973         -0.9727         283.40
14:48:57         1.69794123397439         49.8817         -0.7796         283.40
14:49:01         1.5979407602015         39.6224         -0.7089         283.40
14:49:05         1.49794089938297         31.4732         -0.5772         283.40
14:49:09         1.39794173163867         25.0001         -0.4230         283.40
14:49:13         1.29793988193963         19.8582         -0.3175         283.40
14:49:17         1.19794184111121         15.7740         -0.2798         283.40
14:49:21         1.09794068243622         12.5297         -0.2232         283.40
14:49:25         0.997940898731541         9.9527         -0.1973         283.40
14:49:29         0.897940341373011         7.9057         -0.2303         283.40
14:49:33         0.797938883024152         6.2797         -0.2106         283.40
14:49:37         0.697943874369764         4.9882         -0.0867         283.40
14:49:41         0.597936385571892         3.9622         -0.0996         283.40
14:49:45         0.497938142432874         3.1473         -0.0246         283.40
14:49:49         0.397940008672038         2.5000         -0.0954         283.40
14:49:53         0.29793551244985         1.9858         -0.0842         283.40
14:49:57         0.197941827982788         1.5774         -0.0592         283.40
14:50:01         0.0979510782661857         1.2530         -0.1765         283.40
#------------------------------------------------------------------
# Дата окончания эксперимента
#----------------------
# 05.05.2022
# 14:50:06
#----------------------
# Количество точек в скане 1595
