11:23:51         3.39794000867204         2500.0000         -1.2010         282.90
11:23:55         3.29794002877041         1985.8207         -1.2990         282.90
11:23:59         3.19794009555258         1577.3937         -1.5110         283.00
11:24:03         3.09794019718123         1252.9686         -1.7880         283.00
11:24:07         2.99794030947142         995.2686         -2.0740         283.00
11:24:11         2.89794040109701         790.5701         -2.4280         283.00
11:24:15         2.79794048044319         627.9723         -2.8120         283.00
11:24:19         2.69794064943186         498.8163         -3.2420         283.00
11:24:23         2.59794067657697         396.2239         -3.6700         283.00
11:24:27         2.4979407677867         314.7319         -4.0550         283.00
11:24:31         2.3979408834098         250.0005         -4.4200         283.00
11:24:35         2.29794098316926         198.5825         -4.7290         283.00
11:24:39         2.19794101139409         157.7397         -4.9440         283.00
11:24:43         2.09794100637999         125.2971         -5.0020         283.00
11:24:47         1.99794134816669         99.5271         -4.8850         282.90
11:24:51         1.8979408705064         79.0571         -4.6550         283.00
11:24:55         1.79794096059111         62.7973         -4.2280         283.00
11:24:59         1.69794123397439         49.8817         -3.6800         283.00
11:25:03         1.5979407602015         39.6224         -3.0710         283.00
11:25:07         1.49794089938297         31.4732         -2.4530         282.90
11:25:11         1.39794173163867         25.0001         -1.8780         283.00
11:25:15         1.29793988193963         19.8582         -1.3750         283.00
11:25:18         1.19794184111121         15.7740         -0.9766         283.00
11:25:22         1.09794068243622         12.5297         -0.6725         283.00
11:25:26         0.997940898731541         9.9527         -0.4437         282.90
11:25:30         0.897940341373011         7.9057         -0.2878         283.00
11:25:34         0.797938883024152         6.2797         -0.1894         283.00
11:25:38         0.697943874369764         4.9882         -0.1222         283.00
11:25:42         0.597936385571892         3.9622         -0.0865         283.00
11:25:46         0.497938142432874         3.1473         -0.0639         283.00
11:25:50         0.397940008672038         2.5000         -0.0511         283.00
11:25:54         0.29793551244985         1.9858         -0.0377         283.00
11:25:58         0.197941827982788         1.5774         -0.0252         283.00
11:26:02         0.0979510782661857         1.2530         -0.0473         283.00
#------------------------------------------------------------------
# Дата окончания эксперимента
#----------------------
# 04.05.2022
# 11:26:07
#----------------------
# Количество точек в скане 181
