11:35:20         3.39794000867204         2500.0000         -1.4150         283.40
11:35:24         3.29794002877041         1985.8207         -1.5390         283.40
11:35:28         3.19794009555258         1577.3937         -1.7870         283.40
11:35:32         3.09794019718123         1252.9686         -2.1470         283.40
11:35:36         2.99794030947142         995.2686         -2.5560         283.40
11:35:40         2.89794040109701         790.5701         -2.9960         283.40
11:35:44         2.79794048044319         627.9723         -3.4920         283.40
11:35:48         2.69794064943186         498.8163         -4.0260         283.40
11:35:52         2.59794067657697         396.2239         -4.5940         283.40
11:35:56         2.4979407677867         314.7319         -5.1550         283.40
11:36:00         2.3979408834098         250.0005         -5.6410         283.40
11:36:04         2.29794098316926         198.5825         -6.0730         283.40
11:36:08         2.19794101139409         157.7397         -6.3740         283.40
11:36:12         2.09794100637999         125.2971         -6.5010         283.40
11:36:16         1.99794134816669         99.5271         -6.3890         283.40
11:36:20         1.8979408705064         79.0571         -6.0690         283.40
11:36:24         1.79794096059111         62.7973         -5.5450         283.40
11:36:28         1.69794123397439         49.8817         -4.8540         283.40
11:36:32         1.5979407602015         39.6224         -4.0620         283.40
11:36:36         1.49794089938297         31.4732         -3.2570         283.40
11:36:39         1.39794173163867         25.0001         -2.5020         283.40
11:36:43         1.29793988193963         19.8582         -1.8510         283.40
11:36:47         1.19794184111121         15.7740         -1.3110         283.40
11:36:51         1.09794068243622         12.5297         -0.8813         283.40
11:36:55         0.997940898731541         9.9527         -0.5960         283.40
11:36:59         0.897940341373011         7.9057         -0.3984         283.40
11:37:03         0.797938883024152         6.2797         -0.2505         283.40
11:37:07         0.697943874369764         4.9882         -0.1395         283.40
11:37:11         0.597936385571892         3.9622         -0.0766         283.40
11:37:15         0.497938142432874         3.1473         -0.0490         283.40
11:37:19         0.397940008672038         2.5000         -0.0591         283.40
11:37:23         0.29793551244985         1.9858         -0.0581         283.40
11:37:27         0.197941827982788         1.5774         -0.0189         283.40
11:37:31         0.0979510782661857         1.2530         -0.0363         283.40
#------------------------------------------------------------------
# Дата окончания эксперимента
#----------------------
# 05.05.2022
# 11:37:36
#----------------------
# Количество точек в скане 105
