11:56:39         3.39794000867204         2500.0000         -0.6757         262.60
11:56:43         3.29794002877041         1985.8207         -0.7161         262.60
11:56:47         3.19794009555258         1577.3937         -0.8014         262.60
11:56:51         3.09794019718123         1252.9686         -0.9030         262.60
11:56:55         2.99794030947142         995.2686         -1.0430         262.60
11:56:59         2.89794040109701         790.5701         -1.2180         262.60
11:57:03         2.79794048044319         627.9723         -1.3880         262.60
11:57:07         2.69794064943186         498.8163         -1.6980         262.60
11:57:11         2.59794067657697         396.2239         -1.9850         262.60
11:57:15         2.4979407677867         314.7319         -2.2310         262.60
11:57:18         2.3979408834098         250.0005         -2.5770         262.60
11:57:22         2.29794098316926         198.5825         -2.9890         262.60
11:57:26         2.19794101139409         157.7397         -3.4770         262.60
11:57:30         2.09794100637999         125.2971         -4.0250         262.60
11:57:34         1.99794134816669         99.5271         -4.6390         262.60
11:57:38         1.8979408705064         79.0571         -5.2180         262.60
11:57:42         1.79794096059111         62.7973         -5.8750         262.60
11:57:46         1.69794123397439         49.8817         -6.4890         262.60
11:57:50         1.5979407602015         39.6224         -7.0670         262.60
11:57:54         1.49794089938297         31.4732         -7.4900         262.60
11:57:58         1.39794173163867         25.0001         -7.8090         262.60
11:58:02         1.29793988193963         19.8582         -7.8310         262.60
11:58:06         1.19794184111121         15.7740         -7.6790         262.60
11:58:10         1.09794068243622         12.5297         -7.2410         262.60
11:58:14         0.997940898731541         9.9527         -6.5740         262.60
11:58:18         0.897940341373011         7.9057         -5.7510         262.60
11:58:22         0.797938883024152         6.2797         -4.8090         262.60
11:58:26         0.697943874369764         4.9882         -3.9360         262.60
11:58:30         0.597936385571892         3.9622         -3.0520         262.60
11:58:34         0.497938142432874         3.1473         -2.2230         262.60
11:58:37         0.397940008672038         2.5000         -1.5060         262.60
11:58:41         0.29793551244985         1.9858         -1.0820         262.60
11:58:45         0.197941827982788         1.5774         -0.8707         262.60
11:58:49         0.0979510782661857         1.2530         -0.6479         262.60
#------------------------------------------------------------------
# Дата окончания эксперимента
#----------------------
# 29.04.2022
# 11:58:54
#----------------------
# Количество точек в скане 146
