12:04:48         3.39794000867204         2500.0000         -0.3290         263.00
12:04:51         3.29794002877041         1985.8207         -0.3700         263.00
12:04:55         3.19794009555258         1577.3937         -0.4028         263.00
12:04:59         3.09794019718123         1252.9686         -0.4582         263.00
12:05:03         2.99794030947142         995.2686         -0.5185         263.00
12:05:07         2.89794040109701         790.5701         -0.6065         263.00
12:05:11         2.79794048044319         627.9723         -0.7045         263.00
12:05:15         2.69794064943186         498.8163         -0.8487         263.00
12:05:19         2.59794067657697         396.2239         -0.9969         263.00
12:05:23         2.4979407677867         314.7319         -1.1730         263.00
12:05:27         2.3979408834098         250.0005         -1.3820         263.00
12:05:31         2.29794098316926         198.5825         -1.6350         263.00
12:05:35         2.19794101139409         157.7397         -1.9540         263.00
12:05:39         2.09794100637999         125.2971         -2.2940         263.00
12:05:43         1.99794134816669         99.5271         -2.6420         263.00
12:05:47         1.8979408705064         79.0571         -2.9970         263.00
12:05:51         1.79794096059111         62.7973         -3.4320         263.00
12:05:55         1.69794123397439         49.8817         -3.8450         263.00
12:05:59         1.5979407602015         39.6224         -4.2580         263.00
12:06:03         1.49794089938297         31.4732         -4.5850         263.00
12:06:07         1.39794173163867         25.0001         -4.8270         263.00
12:06:11         1.29793988193963         19.8582         -4.9320         263.00
12:06:15         1.19794184111121         15.7740         -4.9130         263.00
12:06:19         1.09794068243622         12.5297         -4.6730         263.00
12:06:22         0.997940898731541         9.9527         -4.2790         263.00
12:06:26         0.897940341373011         7.9057         -3.7750         263.00
12:06:30         0.797938883024152         6.2797         -3.1490         263.00
12:06:34         0.697943874369764         4.9882         -2.5310         263.00
12:06:38         0.597936385571892         3.9622         -1.9550         263.00
12:06:42         0.497938142432874         3.1473         -1.4520         263.00
12:06:46         0.397940008672038         2.5000         -1.0850         263.00
12:06:50         0.29793551244985         1.9858         -0.7468         263.00
12:06:54         0.197941827982788         1.5774         -0.4692         263.00
12:06:58         0.0979510782661857         1.2530         -0.3378         263.00
#------------------------------------------------------------------
# Дата окончания эксперимента
#----------------------
# 28.04.2022
# 12:07:03
#----------------------
# Количество точек в скане 514
