15:47:07         3.39794000867204         2500.0000         -1.0290         263.00
15:47:11         3.29794002877041         1985.8207         -1.0210         263.00
15:47:15         3.19794009555258         1577.3937         -1.1500         263.00
15:47:19         3.09794019718123         1252.9686         -1.2000         262.90
15:47:23         2.99794030947142         995.2686         -1.4260         262.90
15:47:27         2.89794040109701         790.5701         -1.5940         262.90
15:47:30         2.79794048044319         627.9723         -1.8010         263.00
15:47:34         2.69794064943186         498.8163         -1.9790         262.90
15:47:38         2.59794067657697         396.2239         -2.2800         262.90
15:47:42         2.4979407677867         314.7319         -2.6240         262.90
15:47:46         2.3979408834098         250.0005         -3.0160         262.90
15:47:50         2.29794098316926         198.5825         -3.4940         262.90
15:47:54         2.19794101139409         157.7397         -3.9250         263.00
15:47:58         2.09794100637999         125.2971         -4.3590         263.00
15:48:02         1.99794134816669         99.5271         -4.8560         262.90
15:48:06         1.8979408705064         79.0571         -5.5850         262.90
15:48:10         1.79794096059111         62.7973         -5.9620         262.90
15:48:14         1.69794123397439         49.8817         -6.3220         262.90
15:48:18         1.5979407602015         39.6224         -6.6880         263.00
15:48:22         1.49794089938297         31.4732         -6.8240         262.90
15:48:26         1.39794173163867         25.0001         -6.8650         262.90
15:48:30         1.29793988193963         19.8582         -6.7800         262.90
15:48:34         1.19794184111121         15.7740         -6.3850         262.90
15:48:38         1.09794068243622         12.5297         -5.8610         262.90
15:48:42         0.997940898731541         9.9527         -5.3220         262.90
15:48:46         0.897940341373011         7.9057         -4.4860         262.90
15:48:50         0.797938883024152         6.2797         -3.7240         262.90
15:48:53         0.697943874369764         4.9882         -3.0400         263.00
15:48:57         0.597936385571892         3.9622         -2.3590         263.00
15:49:01         0.497938142432874         3.1473         -1.8240         263.00
15:49:05         0.397940008672038         2.5000         -1.4630         263.00
15:49:09         0.29793551244985         1.9858         -1.1390         263.00
15:49:13         0.197941827982788         1.5774         -0.8241         262.90
15:49:17         0.0979510782661857         1.2530         -0.7007         262.90
#------------------------------------------------------------------
# Дата окончания эксперимента
#----------------------
# 28.04.2022
# 15:49:22
#----------------------
# Количество точек в скане 1761
