11:19:56         3.39794000867204         2500.0000         -1.2940         283.00
11:20:00         3.29794002877041         1985.8207         -1.4110         283.00
11:20:04         3.19794009555258         1577.3937         -1.6400         283.00
11:20:08         3.09794019718123         1252.9686         -1.9370         283.00
11:20:12         2.99794030947142         995.2686         -2.3140         283.00
11:20:16         2.89794040109701         790.5701         -2.7330         283.00
11:20:20         2.79794048044319         627.9723         -3.1810         283.00
11:20:24         2.69794064943186         498.8163         -3.6370         283.00
11:20:28         2.59794067657697         396.2239         -4.1390         283.00
11:20:31         2.4979407677867         314.7319         -4.6230         283.00
11:20:35         2.3979408834098         250.0005         -5.0660         283.00
11:20:39         2.29794098316926         198.5825         -5.4330         282.90
11:20:43         2.19794101139409         157.7397         -5.6580         282.90
11:20:47         2.09794100637999         125.2971         -5.7740         283.00
11:20:51         1.99794134816669         99.5271         -5.6830         283.00
11:20:55         1.8979408705064         79.0571         -5.4050         283.00
11:20:59         1.79794096059111         62.7973         -4.9340         283.00
11:21:03         1.69794123397439         49.8817         -4.3050         283.00
11:21:07         1.5979407602015         39.6224         -3.6110         283.00
11:21:11         1.49794089938297         31.4732         -2.8870         283.00
11:21:15         1.39794173163867         25.0001         -2.2140         282.90
11:21:19         1.29793988193963         19.8582         -1.6420         283.00
11:21:23         1.19794184111121         15.7740         -1.1630         282.90
11:21:27         1.09794068243622         12.5297         -0.7936         282.90
11:21:31         0.997940898731541         9.9527         -0.5182         283.00
11:21:35         0.897940341373011         7.9057         -0.3275         283.00
11:21:39         0.797938883024152         6.2797         -0.2278         282.90
11:21:43         0.697943874369764         4.9882         -0.1363         282.90
11:21:47         0.597936385571892         3.9622         -0.1076         283.00
11:21:51         0.497938142432874         3.1473         -0.0731         283.00
11:21:54         0.397940008672038         2.5000         -0.0267         282.90
11:21:58         0.29793551244985         1.9858         -0.0356         282.90
11:22:02         0.197941827982788         1.5774         -0.0197         283.00
11:22:06         0.0979510782661857         1.2530         -0.0452         283.00
#------------------------------------------------------------------
# Дата окончания эксперимента
#----------------------
# 04.05.2022
# 11:22:11
#----------------------
# Количество точек в скане 146
