12:00:01         3.39794000867204         2500.0000         -2.6350         283.40
12:00:05         3.29794002877041         1985.8207         -2.8290         283.40
12:00:09         3.19794009555258         1577.3937         -3.1630         283.40
12:00:13         3.09794019718123         1252.9686         -3.5000         283.40
12:00:17         2.99794030947142         995.2686         -3.8640         283.40
12:00:21         2.89794040109701         790.5701         -4.2390         283.40
12:00:25         2.79794048044319         627.9723         -4.7660         283.40
12:00:29         2.69794064943186         498.8163         -5.2180         283.40
12:00:33         2.59794067657697         396.2239         -5.6030         283.40
12:00:37         2.4979407677867         314.7319         -5.8770         283.40
12:00:41         2.3979408834098         250.0005         -6.1770         283.40
12:00:45         2.29794098316926         198.5825         -6.3260         283.40
12:00:49         2.19794101139409         157.7397         -6.1700         283.40
12:00:53         2.09794100637999         125.2971         -5.9450         283.40
12:00:57         1.99794134816669         99.5271         -5.5830         283.40
12:01:00         1.8979408705064         79.0571         -5.1260         283.40
12:01:04         1.79794096059111         62.7973         -4.5270         283.40
12:01:08         1.69794123397439         49.8817         -3.8410         283.40
12:01:12         1.5979407602015         39.6224         -3.0690         283.40
12:01:16         1.49794089938297         31.4732         -2.4290         283.40
12:01:20         1.39794173163867         25.0001         -1.7770         283.40
12:01:24         1.29793988193963         19.8582         -1.3160         283.40
12:01:28         1.19794184111121         15.7740         -0.8972         283.40
12:01:32         1.09794068243622         12.5297         -0.5472         283.40
12:01:36         0.997940898731541         9.9527         -0.4074         283.40
12:01:40         0.897940341373011         7.9057         -0.2937         283.40
12:01:44         0.797938883024152         6.2797         -0.1649         283.40
12:01:48         0.697943874369764         4.9882         -0.0990         283.40
12:01:52         0.597936385571892         3.9622         -0.0743         283.40
12:01:56         0.497938142432874         3.1473         0.0159         283.40
12:02:00         0.397940008672038         2.5000         -0.0182         283.40
12:02:04         0.29793551244985         1.9858         -0.0139         283.40
12:02:08         0.197941827982788         1.5774         -0.0687         283.40
12:02:12         0.0979510782661857         1.2530         0.1018         283.40
#------------------------------------------------------------------
# Дата окончания эксперимента
#----------------------
# 05.05.2022
# 12:02:17
#----------------------
# Количество точек в скане 295
