15:39:18         3.39794000867204         2500.0000         -5.7220         303.40
15:39:21         3.29794002877041         1985.8207         -5.9130         303.40
15:39:25         3.19794009555258         1577.3937         -6.2810         303.40
15:39:29         3.09794019718123         1252.9686         -6.6060         303.40
15:39:33         2.99794030947142         995.2686         -6.8100         303.40
15:39:37         2.89794040109701         790.5701         -6.8710         303.40
15:39:41         2.79794048044319         627.9723         -6.7130         303.40
15:39:45         2.69794064943186         498.8163         -6.3320         303.40
15:39:49         2.59794067657697         396.2239         -5.7800         303.40
15:39:53         2.4979407677867         314.7319         -5.0690         303.40
15:39:57         2.3979408834098         250.0005         -4.2940         303.40
15:40:01         2.29794098316926         198.5825         -3.5250         303.40
15:40:05         2.19794101139409         157.7397         -2.7650         303.40
15:40:09         2.09794100637999         125.2971         -2.0740         303.40
15:40:13         1.99794134816669         99.5271         -1.5280         303.40
15:40:17         1.8979408705064         79.0571         -1.0340         303.40
15:40:21         1.79794096059111         62.7973         -0.6842         303.40
15:40:25         1.69794123397439         49.8817         -0.4808         303.40
15:40:29         1.5979407602015         39.6224         -0.3461         303.40
15:40:33         1.49794089938297         31.4732         -0.2748         303.40
15:40:37         1.39794173163867         25.0001         -0.1605         303.40
15:40:41         1.29793988193963         19.8582         -0.1262         303.40
15:40:45         1.19794184111121         15.7740         -0.1024         303.40
15:40:48         1.09794068243622         12.5297         -0.0705         303.40
15:40:52         0.997940898731541         9.9527         -0.0807         303.40
15:40:56         0.897940341373011         7.9057         -0.1125         303.40
15:41:00         0.797938883024152         6.2797         -0.0893         303.40
15:41:04         0.697943874369764         4.9882         -0.0951         303.40
15:41:08         0.597936385571892         3.9622         -0.1305         303.40
15:41:12         0.497938142432874         3.1473         -0.1349         303.40
15:41:16         0.397940008672038         2.5000         -0.0880         303.40
15:41:20         0.29793551244985         1.9858         -0.0810         303.40
15:41:24         0.197941827982788         1.5774         -0.1053         303.40
15:41:28         0.0979510782661857         1.2530         -0.0276         303.40
#------------------------------------------------------------------
# Дата окончания эксперимента
#----------------------
# 11.05.2022
# 15:41:33
#----------------------
# Количество точек в скане 1075
