12:42:38         3.39794000867204         2500.0000         -2.0190         283.40
12:42:42         3.29794002877041         1985.8207         -2.0950         283.40
12:42:45         3.19794009555258         1577.3937         -2.2730         283.40
12:42:49         3.09794019718123         1252.9686         -2.4460         283.40
12:42:53         2.99794030947142         995.2686         -2.5500         283.40
12:42:57         2.89794040109701         790.5701         -2.8380         283.40
12:43:01         2.79794048044319         627.9723         -3.0630         283.40
12:43:05         2.69794064943186         498.8163         -3.0810         283.40
12:43:09         2.59794067657697         396.2239         -3.2700         283.40
12:43:13         2.4979407677867         314.7319         -3.3880         283.40
12:43:17         2.3979408834098         250.0005         -3.3440         283.40
12:43:21         2.29794098316926         198.5825         -3.3060         283.40
12:43:25         2.19794101139409         157.7397         -3.1430         283.40
12:43:29         2.09794100637999         125.2971         -2.8960         283.40
12:43:33         1.99794134816669         99.5271         -2.6820         283.40
12:43:37         1.8979408705064         79.0571         -2.4320         283.40
12:43:41         1.79794096059111         62.7973         -2.1280         283.40
12:43:45         1.69794123397439         49.8817         -1.8390         283.40
12:43:49         1.5979407602015         39.6224         -1.5350         283.40
12:43:53         1.49794089938297         31.4732         -1.1630         283.40
12:43:57         1.39794173163867         25.0001         -0.8524         283.40
12:44:01         1.29793988193963         19.8582         -0.6319         283.40
12:44:05         1.19794184111121         15.7740         -0.4298         283.40
12:44:09         1.09794068243622         12.5297         -0.3481         283.40
12:44:12         0.997940898731541         9.9527         -0.2054         283.40
12:44:16         0.897940341373011         7.9057         -0.1039         283.40
12:44:20         0.797938883024152         6.2797         -0.0905         283.40
12:44:24         0.697943874369764         4.9882         -0.0600         283.40
12:44:28         0.597936385571892         3.9622         -0.0708         283.40
12:44:32         0.497938142432874         3.1473         -0.1358         283.40
12:44:36         0.397940008672038         2.5000         -0.1086         283.40
12:44:40         0.29793551244985         1.9858         -0.1828         283.40
12:44:44         0.197941827982788         1.5774         -0.0691         283.40
12:44:49         0.0979510782661857         1.2530         0.0092         283.40
#------------------------------------------------------------------
# Дата окончания эксперимента
#----------------------
# 05.05.2022
# 12:44:54
#----------------------
# Количество точек в скане 627
