14:24:28         3.39794000867204         2500.0000         -5.7800         303.40
14:24:32         3.29794002877041         1985.8207         -5.7850         303.40
14:24:36         3.19794009555258         1577.3937         -5.9240         303.40
14:24:40         3.09794019718123         1252.9686         -6.0280         303.40
14:24:44         2.99794030947142         995.2686         -5.9810         303.40
14:24:48         2.89794040109701         790.5701         -5.7130         303.40
14:24:52         2.79794048044319         627.9723         -5.3780         303.40
14:24:56         2.69794064943186         498.8163         -4.9790         303.40
14:25:00         2.59794067657697         396.2239         -4.3580         303.40
14:25:04         2.4979407677867         314.7319         -3.7900         303.40
14:25:07         2.3979408834098         250.0005         -3.1010         303.40
14:25:11         2.29794098316926         198.5825         -2.4470         303.40
14:25:15         2.19794101139409         157.7397         -1.8810         303.40
14:25:19         2.09794100637999         125.2971         -1.3920         303.40
14:25:23         1.99794134816669         99.5271         -1.0040         303.40
14:25:27         1.8979408705064         79.0571         -0.6403         303.40
14:25:31         1.79794096059111         62.7973         -0.4491         303.40
14:25:35         1.69794123397439         49.8817         -0.3928         303.40
14:25:39         1.5979407602015         39.6224         -0.2698         303.40
14:25:43         1.49794089938297         31.4732         -0.1923         303.40
14:25:47         1.39794173163867         25.0001         -0.1122         303.40
14:25:51         1.29793988193963         19.8582         -0.1277         303.40
14:25:55         1.19794184111121         15.7740         0.0327         303.40
14:25:59         1.09794068243622         12.5297         -0.0961         303.40
14:26:03         0.997940898731541         9.9527         -0.1524         303.40
14:26:07         0.897940341373011         7.9057         -0.0830         303.40
14:26:11         0.797938883024152         6.2797         -0.1027         303.40
14:26:15         0.697943874369764         4.9882         -0.0946         303.40
14:26:19         0.597936385571892         3.9622         -0.1813         303.40
14:26:23         0.497938142432874         3.1473         -0.1576         303.40
14:26:27         0.397940008672038         2.5000         -0.1219         303.40
14:26:31         0.29793551244985         1.9858         -0.1213         303.40
14:26:35         0.197941827982788         1.5774         -0.2655         303.40
14:26:39         0.0979510782661857         1.2530         -0.2286         303.40
#------------------------------------------------------------------
# Дата окончания эксперимента
#----------------------
# 11.05.2022
# 14:26:44
#----------------------
# Количество точек в скане 898
