14:43:44         3.39794000867204         2500.0000         -4.0870         283.40
14:43:48         3.29794002877041         1985.8207         -4.2950         283.50
14:43:52         3.19794009555258         1577.3937         -4.7670         283.40
14:43:56         3.09794019718123         1252.9686         -5.4140         283.40
14:44:00         2.99794030947142         995.2686         -6.0450         283.40
14:44:04         2.89794040109701         790.5701         -6.7710         283.40
14:44:08         2.79794048044319         627.9723         -7.4890         283.40
14:44:12         2.69794064943186         498.8163         -8.2310         283.40
14:44:16         2.59794067657697         396.2239         -8.7560         283.40
14:44:20         2.4979407677867         314.7319         -9.2150         283.40
14:44:24         2.3979408834098         250.0005         -9.5440         283.40
14:44:28         2.29794098316926         198.5825         -9.5730         283.40
14:44:32         2.19794101139409         157.7397         -9.4750         283.40
14:44:36         2.09794100637999         125.2971         -9.0450         283.40
14:44:40         1.99794134816669         99.5271         -8.4600         283.40
14:44:44         1.8979408705064         79.0571         -7.6720         283.40
14:44:47         1.79794096059111         62.7973         -6.6980         283.40
14:44:51         1.69794123397439         49.8817         -5.6100         283.40
14:44:55         1.5979407602015         39.6224         -4.5880         283.40
14:44:59         1.49794089938297         31.4732         -3.5780         283.40
14:45:03         1.39794173163867         25.0001         -2.6160         283.40
14:45:07         1.29793988193963         19.8582         -1.8650         283.40
14:45:11         1.19794184111121         15.7740         -1.3160         283.40
14:45:15         1.09794068243622         12.5297         -0.9435         283.40
14:45:19         0.997940898731541         9.9527         -0.6233         283.40
14:45:23         0.897940341373011         7.9057         -0.3606         283.40
14:45:27         0.797938883024152         6.2797         -0.2356         283.40
14:45:31         0.697943874369764         4.9882         -0.0935         283.40
14:45:35         0.597936385571892         3.9622         -0.0688         283.40
14:45:39         0.497938142432874         3.1473         -0.0458         283.40
14:45:43         0.397940008672038         2.5000         -0.0288         283.40
14:45:47         0.29793551244985         1.9858         -0.0662         283.40
14:45:51         0.197941827982788         1.5774         0.0934         283.40
14:45:55         0.0979510782661857         1.2530         -0.1060         283.40
#------------------------------------------------------------------
# Дата окончания эксперимента
#----------------------
# 05.05.2022
# 14:45:59
#----------------------
# Количество точек в скане 1560
