13:12:11         3.39794000867204         2500.0000         -4.2070         303.40
13:12:15         3.29794002877041         1985.8207         -4.4050         303.40
13:12:19         3.19794009555258         1577.3937         -4.7930         303.40
13:12:23         3.09794019718123         1252.9686         -5.2050         303.40
13:12:27         2.99794030947142         995.2686         -5.5070         303.40
13:12:31         2.89794040109701         790.5701         -5.6880         303.40
13:12:35         2.79794048044319         627.9723         -5.7270         303.40
13:12:39         2.69794064943186         498.8163         -5.5610         303.40
13:12:43         2.59794067657697         396.2239         -5.1950         303.40
13:12:47         2.4979407677867         314.7319         -4.6660         303.40
13:12:51         2.3979408834098         250.0005         -4.0110         303.40
13:12:55         2.29794098316926         198.5825         -3.3200         303.40
13:12:59         2.19794101139409         157.7397         -2.6240         303.40
13:13:03         2.09794100637999         125.2971         -1.9850         303.40
13:13:07         1.99794134816669         99.5271         -1.4430         303.40
13:13:10         1.8979408705064         79.0571         -1.0480         303.40
13:13:14         1.79794096059111         62.7973         -0.6926         303.40
13:13:18         1.69794123397439         49.8817         -0.4428         303.40
13:13:22         1.5979407602015         39.6224         -0.3020         303.40
13:13:26         1.49794089938297         31.4732         -0.1938         303.40
13:13:30         1.39794173163867         25.0001         -0.1183         303.40
13:13:34         1.29793988193963         19.8582         -0.0784         303.40
13:13:38         1.19794184111121         15.7740         -0.0400         303.40
13:13:42         1.09794068243622         12.5297         -0.0232         303.40
13:13:46         0.997940898731541         9.9527         -0.0169         303.40
13:13:50         0.897940341373011         7.9057         -0.0110         303.40
13:13:54         0.797938883024152         6.2797         0.0056         303.40
13:13:58         0.697943874369764         4.9882         -0.0108         303.40
13:14:02         0.597936385571892         3.9622         -0.0298         303.40
13:14:06         0.497938142432874         3.1473         -0.0410         303.40
13:14:10         0.397940008672038         2.5000         -0.0258         303.40
13:14:14         0.29793551244985         1.9858         -0.0400         303.40
13:14:18         0.197941827982788         1.5774         -0.0476         303.40
13:14:22         0.0979510782661857         1.2530         -0.0287         303.40
#------------------------------------------------------------------
# Дата окончания эксперимента
#----------------------
# 11.05.2022
# 13:14:27
#----------------------
# Количество точек в скане 513
