14:27:09         3.39794000867204         2500.0000         -1.8500         262.60
14:27:13         3.29794002877041         1985.8207         -1.8570         262.60
14:27:16         3.19794009555258         1577.3937         -1.8050         262.60
14:27:20         3.09794019718123         1252.9686         -1.7180         262.60
14:27:24         2.99794030947142         995.2686         -2.0560         262.60
14:27:28         2.89794040109701         790.5701         -2.1560         262.60
14:27:32         2.79794048044319         627.9723         -2.3400         262.60
14:27:36         2.69794064943186         498.8163         -2.5000         262.60
14:27:40         2.59794067657697         396.2239         -2.9250         262.60
14:27:44         2.4979407677867         314.7319         -3.0510         262.60
14:27:48         2.3979408834098         250.0005         -3.2930         262.60
14:27:52         2.29794098316926         198.5825         -3.5820         262.60
14:27:56         2.19794101139409         157.7397         -3.7420         262.60
14:28:00         2.09794100637999         125.2971         -3.9410         262.60
14:28:04         1.99794134816669         99.5271         -5.1840         262.60
14:28:08         1.8979408705064         79.0571         -3.8670         262.60
14:28:12         1.79794096059111         62.7973         -4.3170         262.60
14:28:16         1.69794123397439         49.8817         -4.5060         262.60
14:28:20         1.5979407602015         39.6224         -4.4640         262.60
14:28:24         1.49794089938297         31.4732         -4.2280         262.60
14:28:28         1.39794173163867         25.0001         -4.0290         262.60
14:28:32         1.29793988193963         19.8582         -4.0050         262.60
14:28:36         1.19794184111121         15.7740         -3.2580         262.60
14:28:39         1.09794068243622         12.5297         -2.9980         262.60
14:28:43         0.997940898731541         9.9527         -2.8200         262.60
14:28:47         0.897940341373011         7.9057         -2.2550         262.60
14:28:51         0.797938883024152         6.2797         -1.4400         262.60
14:28:55         0.697943874369764         4.9882         -1.2440         262.60
14:28:59         0.597936385571892         3.9622         -0.9126         262.60
14:29:03         0.497938142432874         3.1473         -0.5595         262.60
14:29:07         0.397940008672038         2.5000         -0.7623         262.60
14:29:11         0.29793551244985         1.9858         -0.9380         262.60
14:29:15         0.197941827982788         1.5774         -0.7060         262.60
14:29:19         0.0979510782661857         1.2530         -0.9229         262.60
#------------------------------------------------------------------
# Дата окончания эксперимента
#----------------------
# 29.04.2022
# 14:29:24
#----------------------
# Количество точек в скане 996
