11:44:48         3.30102999566398         2000.0000         -8.1500         303.30
11:44:52         3.2010300024141         1588.6565         -8.2010         303.30
11:44:56         3.10103011615342         1261.9150         -8.2330         303.30
11:45:00         3.0010301735954         1002.3749         -8.1480         303.30
11:45:04         2.90103030312168         796.2149         -7.8430         303.30
11:45:08         2.80103039647127         632.4561         -7.3120         303.30
11:45:11         2.70103052547502         502.3779         -6.6520         303.30
11:45:15         2.60103058992606         399.0530         -5.8750         303.30
11:45:19         2.50103062175664         316.9791         -5.0000         303.30
11:45:23         2.40103072845939         251.7855         -4.1450         303.30
11:45:27         2.30103085714815         200.0004         -3.3040         303.30
11:45:31         2.20103095347593         158.8660         -2.4930         303.30
11:45:35         2.10103114542462         126.1918         -1.8410         303.30
11:45:39         2.00103109914944         100.2377         -1.2580         303.30
11:45:43         1.90103088572348         79.6216         -0.9726         303.30
11:45:47         1.80103100942761         63.2457         -0.6699         303.30
11:45:51         1.70103147521753         50.2379         -0.4610         303.30
11:45:55         1.6010305816229         39.9053         -0.3024         303.30
11:45:59         1.50103050154635         31.6979         -0.2057         303.30
11:46:03         1.40103158383445         25.1786         -0.1569         303.30
11:46:07         1.30102999566398         20.0000         -0.1111         303.30
11:46:11         1.20103094826178         15.8866         -0.0807         303.30
11:46:15         1.10103181497473         12.6192         -0.1184         303.30
11:46:19         1.00103238831071         10.0238         -0.0627         303.30
11:46:23         0.901033091280384         7.9622         -0.0642         303.30
11:46:27         0.801033078803748         6.3246         -0.0742         303.30
11:46:31         0.701032332622174         5.0238         -0.0517         303.30
11:46:34         0.601027312238355         3.9905         -0.0616         303.30
11:46:38         0.501031866976549         3.1698         -0.0781         303.30
11:46:42         0.401038476122047         2.5179         -0.1118         303.30
11:46:46         0.301029995663981         2.0000         -0.1503         303.30
11:46:50         0.201041910871892         1.5887         -0.1596         303.30
11:46:54         0.101024922497756         1.2619         -0.0749         303.30
11:46:58         0.00104107558772532         1.0024         -0.0638         303.30
#------------------------------------------------------------------
# Дата окончания эксперимента
#----------------------
# 12.05.2022
# 11:47:03
#----------------------
# Количество точек в скане 661
