12:38:48         3.39794000867204         2500.0000         -0.3516         263.00
12:38:52         3.29794002877041         1985.8207         -0.3285         263.00
12:38:56         3.19794009555258         1577.3937         -0.3905         262.90
12:39:00         3.09794019718123         1252.9686         -0.4749         263.00
12:39:04         2.99794030947142         995.2686         -0.5630         263.00
12:39:08         2.89794040109701         790.5701         -0.6664         263.00
12:39:12         2.79794048044319         627.9723         -0.7727         263.00
12:39:16         2.69794064943186         498.8163         -0.8958         263.00
12:39:20         2.59794067657697         396.2239         -1.0510         263.00
12:39:24         2.4979407677867         314.7319         -1.2380         263.00
12:39:28         2.3979408834098         250.0005         -1.4660         263.00
12:39:31         2.29794098316926         198.5825         -1.7280         263.00
12:39:35         2.19794101139409         157.7397         -2.0210         263.00
12:39:39         2.09794100637999         125.2971         -2.3400         263.00
12:39:43         1.99794134816669         99.5271         -2.7080         263.00
12:39:47         1.8979408705064         79.0571         -3.0690         263.00
12:39:51         1.79794096059111         62.7973         -3.4860         263.00
12:39:55         1.69794123397439         49.8817         -3.8630         263.00
12:39:59         1.5979407602015         39.6224         -4.2030         263.00
12:40:03         1.49794089938297         31.4732         -4.4770         263.00
12:40:07         1.39794173163867         25.0001         -4.6410         263.00
12:40:11         1.29793988193963         19.8582         -4.6900         263.00
12:40:15         1.19794184111121         15.7740         -4.5910         263.00
12:40:19         1.09794068243622         12.5297         -4.3480         263.00
12:40:23         0.997940898731541         9.9527         -3.9440         263.00
12:40:27         0.897940341373011         7.9057         -3.4610         263.00
12:40:31         0.797938883024152         6.2797         -2.9010         263.00
12:40:35         0.697943874369764         4.9882         -2.3400         263.00
12:40:39         0.597936385571892         3.9622         -1.7860         263.00
12:40:43         0.497938142432874         3.1473         -1.3330         263.00
12:40:46         0.397940008672038         2.5000         -0.9937         263.00
12:40:50         0.29793551244985         1.9858         -0.6422         263.00
12:40:54         0.197941827982788         1.5774         -0.4410         263.00
12:40:58         0.0979510782661857         1.2530         -0.3383         263.00
#------------------------------------------------------------------
# Дата окончания эксперимента
#----------------------
# 28.04.2022
# 12:41:03
#----------------------
# Количество точек в скане 689
