12:10:09         3.39794000867204         2500.0000         -2.0140         283.40
12:10:13         3.29794002877041         1985.8207         -1.9300         283.40
12:10:17         3.19794009555258         1577.3937         -1.8630         283.40
12:10:21         3.09794019718123         1252.9686         -2.0700         283.40
12:10:25         2.99794030947142         995.2686         -1.7710         283.40
12:10:29         2.89794040109701         790.5701         -1.8330         283.40
12:10:33         2.79794048044319         627.9723         -2.0320         283.40
12:10:37         2.69794064943186         498.8163         -1.8400         283.40
12:10:41         2.59794067657697         396.2239         -1.6490         283.40
12:10:45         2.4979407677867         314.7319         -1.5600         283.40
12:10:49         2.3979408834098         250.0005         -1.4250         283.40
12:10:53         2.29794098316926         198.5825         -1.2330         283.40
12:10:57         2.19794101139409         157.7397         -1.2770         283.40
12:11:01         2.09794100637999         125.2971         -1.1900         283.40
12:11:05         1.99794134816669         99.5271         -1.0490         283.40
12:11:09         1.8979408705064         79.0571         -0.6326         283.40
12:11:13         1.79794096059111         62.7973         -0.6213         283.40
12:11:16         1.69794123397439         49.8817         -0.5960         283.40
12:11:20         1.5979407602015         39.6224         -0.3691         283.40
12:11:24         1.49794089938297         31.4732         -0.4451         283.40
12:11:28         1.39794173163867         25.0001         -0.3444         283.40
12:11:32         1.29793988193963         19.8582         -0.4556         283.40
12:11:36         1.19794184111121         15.7740         -0.5246         283.40
12:11:40         1.09794068243622         12.5297         -0.1073         283.40
12:11:44         0.997940898731541         9.9527         -0.0792         283.40
12:11:48         0.897940341373011         7.9057         -0.1865         283.40
12:11:52         0.797938883024152         6.2797         -0.4070         283.40
12:11:56         0.697943874369764         4.9882         -0.2577         283.40
12:12:00         0.597936385571892         3.9622         0.1677         283.40
12:12:05         0.497938142432874         3.1473         -0.0229         283.40
12:12:09         0.397940008672038         2.5000         -0.3191         283.40
12:12:13         0.29793551244985         1.9858         -0.1147         283.40
12:12:17         0.197941827982788         1.5774         -0.0595         283.40
12:12:21         0.0979510782661857         1.2530         -0.3526         283.40
#------------------------------------------------------------------
# Дата окончания эксперимента
#----------------------
# 05.05.2022
# 12:12:26
#----------------------
# Количество точек в скане 382
