13:11:03         3.39794000867204         2500.0000         -1.7180         283.40
13:11:07         3.29794002877041         1985.8207         -1.7930         283.40
13:11:11         3.19794009555258         1577.3937         -2.0410         283.40
13:11:15         3.09794019718123         1252.9686         -2.3520         283.40
13:11:19         2.99794030947142         995.2686         -2.6400         283.40
13:11:23         2.89794040109701         790.5701         -2.9720         283.40
13:11:27         2.79794048044319         627.9723         -3.3320         283.40
13:11:31         2.69794064943186         498.8163         -3.6510         283.40
13:11:34         2.59794067657697         396.2239         -4.0070         283.40
13:11:38         2.4979407677867         314.7319         -4.2370         283.40
13:11:42         2.3979408834098         250.0005         -4.4400         283.40
13:11:46         2.29794098316926         198.5825         -4.5890         283.40
13:11:50         2.19794101139409         157.7397         -4.5780         283.40
13:11:54         2.09794100637999         125.2971         -4.4610         283.40
13:11:58         1.99794134816669         99.5271         -4.2160         283.40
13:12:02         1.8979408705064         79.0571         -3.8600         283.40
13:12:06         1.79794096059111         62.7973         -3.4290         283.40
13:12:10         1.69794123397439         49.8817         -2.9090         283.40
13:12:14         1.5979407602015         39.6224         -2.3670         283.40
13:12:18         1.49794089938297         31.4732         -1.8830         283.40
13:12:22         1.39794173163867         25.0001         -1.4260         283.40
13:12:26         1.29793988193963         19.8582         -1.0740         283.40
13:12:30         1.19794184111121         15.7740         -0.8243         283.50
13:12:34         1.09794068243622         12.5297         -0.5785         283.40
13:12:38         0.997940898731541         9.9527         -0.3940         283.40
13:12:42         0.897940341373011         7.9057         -0.2010         283.40
13:12:46         0.797938883024152         6.2797         -0.1967         283.40
13:12:50         0.697943874369764         4.9882         -0.1605         283.40
13:12:53         0.597936385571892         3.9622         -0.1295         283.40
13:12:57         0.497938142432874         3.1473         -0.1221         283.40
13:13:01         0.397940008672038         2.5000         -0.0793         283.40
13:13:05         0.29793551244985         1.9858         -0.1216         283.40
13:13:09         0.197941827982788         1.5774         -0.1906         283.40
13:13:13         0.0979510782661857         1.2530         -0.0812         283.40
#------------------------------------------------------------------
# Дата окончания эксперимента
#----------------------
# 05.05.2022
# 13:13:18
#----------------------
# Количество точек в скане 837
