15:52:01         3.39794000867204         2500.0000         -6.1640         303.30
15:52:05         3.29794002877041         1985.8207         -6.2670         303.30
15:52:09         3.19794009555258         1577.3937         -6.5410         303.30
15:52:13         3.09794019718123         1252.9686         -6.6520         303.30
15:52:17         2.99794030947142         995.2686         -6.8120         303.30
15:52:21         2.89794040109701         790.5701         -6.7140         303.30
15:52:25         2.79794048044319         627.9723         -6.3910         303.30
15:52:29         2.69794064943186         498.8163         -5.8470         303.30
15:52:32         2.59794067657697         396.2239         -5.4120         303.30
15:52:36         2.4979407677867         314.7319         -4.7130         303.30
15:52:40         2.3979408834098         250.0005         -3.9420         303.30
15:52:44         2.29794098316926         198.5825         -3.1810         303.30
15:52:48         2.19794101139409         157.7397         -2.4870         303.30
15:52:52         2.09794100637999         125.2971         -1.8860         303.30
15:52:56         1.99794134816669         99.5271         -1.3930         303.30
15:53:00         1.8979408705064         79.0571         -1.0320         303.30
15:53:04         1.79794096059111         62.7973         -0.6647         303.30
15:53:08         1.69794123397439         49.8817         -0.3755         303.30
15:53:12         1.5979407602015         39.6224         -0.2388         303.30
15:53:16         1.49794089938297         31.4732         -0.1494         303.30
15:53:20         1.39794173163867         25.0001         -0.1448         303.30
15:53:24         1.29793988193963         19.8582         -0.1144         303.30
15:53:28         1.19794184111121         15.7740         -0.1848         303.30
15:53:32         1.09794068243622         12.5297         -0.1616         303.30
15:53:36         0.997940898731541         9.9527         -0.1814         303.30
15:53:40         0.897940341373011         7.9057         -0.2194         303.30
15:53:44         0.797938883024152         6.2797         -0.1712         303.30
15:53:48         0.697943874369764         4.9882         -0.2196         303.30
15:53:51         0.597936385571892         3.9622         -0.4469         303.30
15:53:55         0.497938142432874         3.1473         -0.2890         303.30
15:53:59         0.397940008672038         2.5000         -0.2119         303.30
15:54:03         0.29793551244985         1.9858         -0.0667         303.30
15:54:07         0.197941827982788         1.5774         0.1379         303.30
15:54:11         0.0979510782661857         1.2530         -0.1231         303.30
#------------------------------------------------------------------
# Дата окончания эксперимента
#----------------------
# 06.05.2022
# 15:54:16
#----------------------
# Количество точек в скане 1148
