10:30:55         3.30102999566398         2000.0000         -6.4950         303.20
10:30:59         3.2010300024141         1588.6565         -6.7660         303.20
10:31:03         3.10103011615342         1261.9150         -7.2510         303.20
10:31:07         3.0010301735954         1002.3749         -7.7430         303.20
10:31:11         2.90103030312168         796.2149         -8.0810         303.20
10:31:15         2.80103039647127         632.4561         -8.1730         303.20
10:31:19         2.70103052547502         502.3779         -7.9670         303.20
10:31:23         2.60103058992606         399.0530         -7.5110         303.20
10:31:27         2.50103062175664         316.9791         -6.8060         303.20
10:31:31         2.40103072845939         251.7855         -5.8670         303.20
10:31:35         2.30103085714815         200.0004         -4.8520         303.20
10:31:39         2.20103095347593         158.8660         -3.8490         303.20
10:31:43         2.10103114542462         126.1918         -2.9290         303.20
10:31:47         2.00103109914944         100.2377         -2.1010         303.20
10:31:51         1.90103088572348         79.6216         -1.4970         303.20
10:31:55         1.80103100942761         63.2457         -1.0150         303.20
10:31:59         1.70103147521753         50.2379         -0.6433         303.20
10:32:03         1.6010305816229         39.9053         -0.4141         303.20
10:32:07         1.50103050154635         31.6979         -0.2657         303.20
10:32:11         1.40103158383445         25.1786         -0.1505         303.20
10:32:15         1.30102999566398         20.0000         -0.1071         303.20
10:32:18         1.20103094826178         15.8866         -0.0786         303.20
10:32:22         1.10103181497473         12.6192         -0.0610         303.20
10:32:26         1.00103238831071         10.0238         -0.0412         303.20
10:32:30         0.901033091280384         7.9622         -0.0388         303.20
10:32:34         0.801033078803748         6.3246         -0.0101         303.20
10:32:38         0.701032332622174         5.0238         -0.0206         303.20
10:32:42         0.601027312238355         3.9905         -0.0525         303.20
10:32:46         0.501031866976549         3.1698         -0.0246         303.20
10:32:50         0.401038476122047         2.5179         -0.0040         303.20
10:32:54         0.301029995663981         2.0000         -0.0018         303.20
10:32:58         0.201041910871892         1.5887         -0.0056         303.20
10:33:02         0.101024922497756         1.2619         0.0220         303.20
10:33:06         0.00104107558772532         1.0024         -0.0102         303.20
#------------------------------------------------------------------
# Дата окончания эксперимента
#----------------------
# 12.05.2022
# 10:33:11
#----------------------
# Количество точек в скане 70
