13:55:56         3.39794000867204         2500.0000         -1.4770         283.40
13:56:00         3.29794002877041         1985.8207         -1.6090         283.50
13:56:04         3.19794009555258         1577.3937         -1.8490         283.50
13:56:08         3.09794019718123         1252.9686         -2.1520         283.40
13:56:12         2.99794030947142         995.2686         -2.5230         283.40
13:56:16         2.89794040109701         790.5701         -2.9400         283.40
13:56:20         2.79794048044319         627.9723         -3.3750         283.40
13:56:24         2.69794064943186         498.8163         -3.8200         283.40
13:56:28         2.59794067657697         396.2239         -4.2710         283.40
13:56:32         2.4979407677867         314.7319         -4.7190         283.40
13:56:36         2.3979408834098         250.0005         -5.0920         283.50
13:56:40         2.29794098316926         198.5825         -5.3590         283.40
13:56:44         2.19794101139409         157.7397         -5.5110         283.40
13:56:48         2.09794100637999         125.2971         -5.5260         283.40
13:56:52         1.99794134816669         99.5271         -5.3900         283.40
13:56:56         1.8979408705064         79.0571         -5.0760         283.40
13:57:00         1.79794096059111         62.7973         -4.5570         283.40
13:57:04         1.69794123397439         49.8817         -3.9470         283.40
13:57:07         1.5979407602015         39.6224         -3.2690         283.40
13:57:11         1.49794089938297         31.4732         -2.5810         283.40
13:57:15         1.39794173163867         25.0001         -1.9760         283.40
13:57:19         1.29793988193963         19.8582         -1.4670         283.40
13:57:23         1.19794184111121         15.7740         -1.0260         283.40
13:57:27         1.09794068243622         12.5297         -0.7002         283.40
13:57:31         0.997940898731541         9.9527         -0.4712         283.40
13:57:35         0.897940341373011         7.9057         -0.3116         283.40
13:57:39         0.797938883024152         6.2797         -0.1755         283.40
13:57:43         0.697943874369764         4.9882         -0.0922         283.40
13:57:47         0.597936385571892         3.9622         -0.0766         283.50
13:57:51         0.497938142432874         3.1473         -0.0879         283.50
13:57:55         0.397940008672038         2.5000         -0.0674         283.40
13:57:59         0.29793551244985         1.9858         -0.0104         283.40
13:58:03         0.197941827982788         1.5774         -0.0240         283.50
13:58:07         0.0979510782661857         1.2530         -0.0549         283.50
#------------------------------------------------------------------
# Дата окончания эксперимента
#----------------------
# 05.05.2022
# 13:58:12
#----------------------
# Количество точек в скане 1218
