10:35:21         3.30102999566398         2000.0000         -5.2240         303.20
10:35:25         3.2010300024141         1588.6565         -5.4060         303.20
10:35:29         3.10103011615342         1261.9150         -5.7420         303.20
10:35:33         3.0010301735954         1002.3749         -6.0490         303.20
10:35:37         2.90103030312168         796.2149         -6.2150         303.20
10:35:41         2.80103039647127         632.4561         -6.2120         303.20
10:35:45         2.70103052547502         502.3779         -6.0200         303.20
10:35:49         2.60103058992606         399.0530         -5.6160         303.20
10:35:52         2.50103062175664         316.9791         -5.0210         303.20
10:35:56         2.40103072845939         251.7855         -4.3260         303.20
10:36:00         2.30103085714815         200.0004         -3.5620         303.20
10:36:04         2.20103095347593         158.8660         -2.7930         303.20
10:36:08         2.10103114542462         126.1918         -2.1110         303.20
10:36:12         2.00103109914944         100.2377         -1.5760         303.20
10:36:16         1.90103088572348         79.6216         -1.0700         303.20
10:36:20         1.80103100942761         63.2457         -0.7310         303.20
10:36:24         1.70103147521753         50.2379         -0.4630         303.20
10:36:28         1.6010305816229         39.9053         -0.3032         303.20
10:36:32         1.50103050154635         31.6979         -0.1817         303.20
10:36:36         1.40103158383445         25.1786         -0.1141         303.20
10:36:40         1.30102999566398         20.0000         -0.0407         303.20
10:36:44         1.20103094826178         15.8866         -0.0040         303.20
10:36:48         1.10103181497473         12.6192         -0.0029         303.20
10:36:52         1.00103238831071         10.0238         -0.0027         303.20
10:36:56         0.901033091280384         7.9622         -0.0105         303.20
10:37:00         0.801033078803748         6.3246         -0.0192         303.20
10:37:04         0.701032332622174         5.0238         -0.0169         303.20
10:37:08         0.601027312238355         3.9905         -0.0359         303.20
10:37:11         0.501031866976549         3.1698         -0.0671         303.20
10:37:15         0.401038476122047         2.5179         -0.0334         303.20
10:37:19         0.301029995663981         2.0000         -0.0282         303.20
10:37:23         0.201041910871892         1.5887         0.0209         303.20
10:37:28         0.101024922497756         1.2619         -0.0008         303.20
10:37:32         0.00104107558772532         1.0024         -0.0066         303.20
#------------------------------------------------------------------
# Дата окончания эксперимента
#----------------------
# 12.05.2022
# 10:37:37
#----------------------
# Количество точек в скане 105
