12:53:22         3.39794000867204         2500.0000         -0.7901         262.90
12:53:26         3.29794002877041         1985.8207         -0.8170         262.90
12:53:30         3.19794009555258         1577.3937         -0.8931         262.90
12:53:34         3.09794019718123         1252.9686         -1.0190         263.00
12:53:38         2.99794030947142         995.2686         -1.1950         263.00
12:53:42         2.89794040109701         790.5701         -1.3380         263.00
12:53:46         2.79794048044319         627.9723         -1.5170         262.90
12:53:50         2.69794064943186         498.8163         -1.7190         263.00
12:53:54         2.59794067657697         396.2239         -2.0160         262.90
12:53:58         2.4979407677867         314.7319         -2.2830         262.90
12:54:02         2.3979408834098         250.0005         -2.6310         263.00
12:54:06         2.29794098316926         198.5825         -2.9960         263.00
12:54:10         2.19794101139409         157.7397         -3.4360         263.00
12:54:14         2.09794100637999         125.2971         -3.9180         263.00
12:54:18         1.99794134816669         99.5271         -4.3190         263.00
12:54:22         1.8979408705064         79.0571         -4.8480         263.00
12:54:26         1.79794096059111         62.7973         -5.2730         262.90
12:54:30         1.69794123397439         49.8817         -5.6170         262.90
12:54:34         1.5979407602015         39.6224         -5.9000         263.00
12:54:37         1.49794089938297         31.4732         -6.0570         263.00
12:54:41         1.39794173163867         25.0001         -6.1120         263.00
12:54:45         1.29793988193963         19.8582         -5.9640         263.00
12:54:49         1.19794184111121         15.7740         -5.6520         263.00
12:54:53         1.09794068243622         12.5297         -5.1490         263.00
12:54:57         0.997940898731541         9.9527         -4.5790         263.00
12:55:01         0.897940341373011         7.9057         -3.8840         262.90
12:55:05         0.797938883024152         6.2797         -3.2000         262.90
12:55:09         0.697943874369764         4.9882         -2.5620         262.90
12:55:13         0.597936385571892         3.9622         -2.0390         263.00
12:55:17         0.497938142432874         3.1473         -1.5140         262.90
12:55:21         0.397940008672038         2.5000         -1.0450         263.00
12:55:25         0.29793551244985         1.9858         -0.8212         263.00
12:55:29         0.197941827982788         1.5774         -0.6587         263.00
12:55:33         0.0979510782661857         1.2530         -0.4214         263.00
#------------------------------------------------------------------
# Дата окончания эксперимента
#----------------------
# 28.04.2022
# 12:55:38
#----------------------
# Количество точек в скане 794
