14:47:53         3.39794000867204         2500.0000         -4.8250         303.30
14:47:57         3.29794002877041         1985.8207         -5.0310         303.30
14:48:01         3.19794009555258         1577.3937         -5.3700         303.30
14:48:05         3.09794019718123         1252.9686         -5.6780         303.30
14:48:09         2.99794030947142         995.2686         -5.9270         303.30
14:48:13         2.89794040109701         790.5701         -6.0490         303.30
14:48:17         2.79794048044319         627.9723         -6.0150         303.30
14:48:21         2.69794064943186         498.8163         -5.7460         303.30
14:48:24         2.59794067657697         396.2239         -5.2800         303.30
14:48:28         2.4979407677867         314.7319         -4.7250         303.30
14:48:32         2.3979408834098         250.0005         -4.0420         303.30
14:48:36         2.29794098316926         198.5825         -3.3210         303.30
14:48:40         2.19794101139409         157.7397         -2.6260         303.30
14:48:44         2.09794100637999         125.2971         -1.9840         303.30
14:48:48         1.99794134816669         99.5271         -1.4440         303.30
14:48:52         1.8979408705064         79.0571         -1.0150         303.30
14:48:56         1.79794096059111         62.7973         -0.7434         303.30
14:49:00         1.69794123397439         49.8817         -0.5083         303.30
14:49:04         1.5979407602015         39.6224         -0.3593         303.30
14:49:08         1.49794089938297         31.4732         -0.2309         303.30
14:49:12         1.39794173163867         25.0001         -0.1608         303.30
14:49:16         1.29793988193963         19.8582         -0.1566         303.30
14:49:20         1.19794184111121         15.7740         -0.1202         303.30
14:49:24         1.09794068243622         12.5297         -0.1392         303.30
14:49:28         0.997940898731541         9.9527         -0.1270         303.30
14:49:32         0.897940341373011         7.9057         -0.0792         303.30
14:49:36         0.797938883024152         6.2797         -0.0508         303.30
14:49:40         0.697943874369764         4.9882         -0.0812         303.30
14:49:44         0.597936385571892         3.9622         -0.0992         303.30
14:49:47         0.497938142432874         3.1473         -0.2252         303.30
14:49:51         0.397940008672038         2.5000         -0.1825         303.30
14:49:55         0.29793551244985         1.9858         -0.1355         303.30
14:49:59         0.197941827982788         1.5774         -0.1256         303.30
14:50:03         0.0979510782661857         1.2530         -0.0792         303.30
#------------------------------------------------------------------
# Дата окончания эксперимента
#----------------------
# 06.05.2022
# 14:50:09
#----------------------
# Количество точек в скане 670
