11:11:15         3.39794000867204         2500.0000         -1.5590         282.90
11:11:19         3.29794002877041         1985.8207         -1.6960         283.00
11:11:23         3.19794009555258         1577.3937         -1.9490         283.00
11:11:27         3.09794019718123         1252.9686         -2.3200         282.90
11:11:31         2.99794030947142         995.2686         -2.7650         283.00
11:11:35         2.89794040109701         790.5701         -3.2650         283.00
11:11:39         2.79794048044319         627.9723         -3.8250         283.00
11:11:43         2.69794064943186         498.8163         -4.4230         283.00
11:11:47         2.59794067657697         396.2239         -5.0850         283.00
11:11:51         2.4979407677867         314.7319         -5.7350         283.00
11:11:54         2.3979408834098         250.0005         -6.3210         283.00
11:11:58         2.29794098316926         198.5825         -6.8250         283.00
11:12:02         2.19794101139409         157.7397         -7.2160         283.00
11:12:06         2.09794100637999         125.2971         -7.3950         282.90
11:12:10         1.99794134816669         99.5271         -7.3480         282.90
11:12:14         1.8979408705064         79.0571         -7.0420         282.90
11:12:18         1.79794096059111         62.7973         -6.4650         283.00
11:12:22         1.69794123397439         49.8817         -5.6760         283.00
11:12:26         1.5979407602015         39.6224         -4.7690         282.90
11:12:30         1.49794089938297         31.4732         -3.8450         283.00
11:12:34         1.39794173163867         25.0001         -2.9530         283.00
11:12:38         1.29793988193963         19.8582         -2.1710         283.00
11:12:42         1.19794184111121         15.7740         -1.5430         282.90
11:12:46         1.09794068243622         12.5297         -1.0590         283.00
11:12:50         0.997940898731541         9.9527         -0.7050         283.00
11:12:54         0.897940341373011         7.9057         -0.4684         283.00
11:12:58         0.797938883024152         6.2797         -0.3081         283.00
11:13:02         0.697943874369764         4.9882         -0.1598         283.00
11:13:06         0.597936385571892         3.9622         -0.1135         283.00
11:13:10         0.497938142432874         3.1473         -0.0597         283.00
11:13:13         0.397940008672038         2.5000         -0.0462         283.00
11:13:17         0.29793551244985         1.9858         -0.0299         283.00
11:13:21         0.197941827982788         1.5774         -0.0169         283.00
11:13:25         0.0979510782661857         1.2530         -0.0143         282.90
#------------------------------------------------------------------
# Дата окончания эксперимента
#----------------------
# 04.05.2022
# 11:13:30
#----------------------
# Количество точек в скане 76
