11:30:56         3.39794000867204         2500.0000         -1.5680         283.40
11:31:00         3.29794002877041         1985.8207         -1.7080         283.40
11:31:04         3.19794009555258         1577.3937         -1.9760         283.40
11:31:08         3.09794019718123         1252.9686         -2.3500         283.40
11:31:12         2.99794030947142         995.2686         -2.8130         283.40
11:31:16         2.89794040109701         790.5701         -3.3380         283.40
11:31:20         2.79794048044319         627.9723         -3.9230         283.40
11:31:24         2.69794064943186         498.8163         -4.5560         283.40
11:31:28         2.59794067657697         396.2239         -5.2020         283.40
11:31:32         2.4979407677867         314.7319         -5.8580         283.40
11:31:36         2.3979408834098         250.0005         -6.4650         283.40
11:31:40         2.29794098316926         198.5825         -6.9690         283.40
11:31:44         2.19794101139409         157.7397         -7.3320         283.40
11:31:47         2.09794100637999         125.2971         -7.4970         283.40
11:31:51         1.99794134816669         99.5271         -7.4320         283.40
11:31:55         1.8979408705064         79.0571         -7.0800         283.40
11:31:59         1.79794096059111         62.7973         -6.4920         283.40
11:32:03         1.69794123397439         49.8817         -5.7200         283.40
11:32:07         1.5979407602015         39.6224         -4.8070         283.40
11:32:11         1.49794089938297         31.4732         -3.8400         283.40
11:32:15         1.39794173163867         25.0001         -2.9570         283.40
11:32:19         1.29793988193963         19.8582         -2.1690         283.40
11:32:23         1.19794184111121         15.7740         -1.5180         283.40
11:32:27         1.09794068243622         12.5297         -1.0660         283.40
11:32:31         0.997940898731541         9.9527         -0.7004         283.40
11:32:35         0.897940341373011         7.9057         -0.4485         283.40
11:32:39         0.797938883024152         6.2797         -0.2739         283.40
11:32:43         0.697943874369764         4.9882         -0.1584         283.40
11:32:47         0.597936385571892         3.9622         -0.0826         283.40
11:32:51         0.497938142432874         3.1473         -0.0444         283.40
11:32:55         0.397940008672038         2.5000         -0.0600         283.40
11:32:58         0.29793551244985         1.9858         -0.0337         283.40
11:33:02         0.197941827982788         1.5774         0.0121         283.40
11:33:06         0.0979510782661857         1.2530         -0.0067         283.40
#------------------------------------------------------------------
# Дата окончания эксперимента
#----------------------
# 05.05.2022
# 11:33:12
#----------------------
# Количество точек в скане 70
