13:29:34         3.39794000867204         2500.0000         -4.8220         303.40
13:29:38         3.29794002877041         1985.8207         -4.8780         303.40
13:29:42         3.19794009555258         1577.3937         -4.9510         303.40
13:29:46         3.09794019718123         1252.9686         -5.0070         303.40
13:29:50         2.99794030947142         995.2686         -4.8810         303.40
13:29:54         2.89794040109701         790.5701         -4.7060         303.40
13:29:58         2.79794048044319         627.9723         -4.4390         303.40
13:30:02         2.69794064943186         498.8163         -4.0200         303.40
13:30:06         2.59794067657697         396.2239         -3.4850         303.40
13:30:10         2.4979407677867         314.7319         -2.9820         303.40
13:30:14         2.3979408834098         250.0005         -2.4800         303.40
13:30:17         2.29794098316926         198.5825         -1.9480         303.40
13:30:21         2.19794101139409         157.7397         -1.4750         303.40
13:30:25         2.09794100637999         125.2971         -1.1130         303.40
13:30:29         1.99794134816669         99.5271         -0.9712         303.40
13:30:33         1.8979408705064         79.0571         -0.6145         303.40
13:30:37         1.79794096059111         62.7973         -0.3885         303.40
13:30:41         1.69794123397439         49.8817         -0.1593         303.40
13:30:45         1.5979407602015         39.6224         -0.1300         303.40
13:30:49         1.49794089938297         31.4732         -0.1546         303.40
13:30:53         1.39794173163867         25.0001         -0.1413         303.40
13:30:57         1.29793988193963         19.8582         -0.1511         303.40
13:31:01         1.19794184111121         15.7740         -0.1323         303.40
13:31:05         1.09794068243622         12.5297         -0.1161         303.40
13:31:09         0.997940898731541         9.9527         -0.2260         303.40
13:31:13         0.897940341373011         7.9057         -0.1363         303.40
13:31:17         0.797938883024152         6.2797         -0.1070         303.40
13:31:21         0.697943874369764         4.9882         -0.1988         303.40
13:31:25         0.597936385571892         3.9622         -0.0485         303.40
13:31:29         0.497938142432874         3.1473         -0.0493         303.40
13:31:32         0.397940008672038         2.5000         0.0542         303.40
13:31:36         0.29793551244985         1.9858         -0.0421         303.40
13:31:40         0.197941827982788         1.5774         -0.1538         303.40
13:31:44         0.0979510782661857         1.2530         -0.1907         303.40
#------------------------------------------------------------------
# Дата окончания эксперимента
#----------------------
# 11.05.2022
# 13:31:49
#----------------------
# Количество точек в скане 653
