15:41:44         3.39794000867204         2500.0000         -0.5675         263.00
15:41:48         3.29794002877041         1985.8207         -0.6181         263.00
15:41:52         3.19794009555258         1577.3937         -0.6964         263.00
15:41:56         3.09794019718123         1252.9686         -0.7509         263.00
15:42:00         2.99794030947142         995.2686         -0.7779         263.00
15:42:04         2.89794040109701         790.5701         -0.8707         263.00
15:42:08         2.79794048044319         627.9723         -1.0100         263.00
15:42:12         2.69794064943186         498.8163         -1.1650         263.00
15:42:16         2.59794067657697         396.2239         -1.3720         263.00
15:42:20         2.4979407677867         314.7319         -1.5420         262.90
15:42:24         2.3979408834098         250.0005         -1.7730         263.00
15:42:27         2.29794098316926         198.5825         -2.0520         263.00
15:42:31         2.19794101139409         157.7397         -2.3450         263.00
15:42:35         2.09794100637999         125.2971         -2.6780         263.00
15:42:39         1.99794134816669         99.5271         -3.1360         262.90
15:42:43         1.8979408705064         79.0571         -3.3810         263.00
15:42:47         1.79794096059111         62.7973         -3.7280         263.00
15:42:51         1.69794123397439         49.8817         -4.0520         262.90
15:42:55         1.5979407602015         39.6224         -4.3200         263.00
15:42:59         1.49794089938297         31.4732         -4.4790         263.00
15:43:03         1.39794173163867         25.0001         -4.5620         263.00
15:43:07         1.29793988193963         19.8582         -4.5180         263.00
15:43:11         1.19794184111121         15.7740         -4.3660         263.00
15:43:15         1.09794068243622         12.5297         -4.0830         262.90
15:43:19         0.997940898731541         9.9527         -3.6780         262.90
15:43:23         0.897940341373011         7.9057         -3.1660         262.90
15:43:27         0.797938883024152         6.2797         -2.7040         262.90
15:43:31         0.697943874369764         4.9882         -2.1330         263.00
15:43:35         0.597936385571892         3.9622         -1.6590         263.00
15:43:39         0.497938142432874         3.1473         -1.2300         263.00
15:43:42         0.397940008672038         2.5000         -0.9151         263.00
15:43:46         0.29793551244985         1.9858         -0.6601         263.00
15:43:50         0.197941827982788         1.5774         -0.5717         263.00
15:43:54         0.0979510782661857         1.2530         -0.3844         263.00
#------------------------------------------------------------------
# Дата окончания эксперимента
#----------------------
# 28.04.2022
# 15:43:59
#----------------------
# Количество точек в скане 1726
