11:33:35         3.30102999566398         2000.0000         -5.9760         303.30
11:33:38         3.2010300024141         1588.6565         -6.1510         303.30
11:33:42         3.10103011615342         1261.9150         -6.4190         303.30
11:33:46         3.0010301735954         1002.3749         -6.6380         303.30
11:33:50         2.90103030312168         796.2149         -6.6900         303.30
11:33:54         2.80103039647127         632.4561         -6.5440         303.30
11:33:58         2.70103052547502         502.3779         -6.2140         303.30
11:34:02         2.60103058992606         399.0530         -5.7010         303.30
11:34:06         2.50103062175664         316.9791         -5.0400         303.30
11:34:10         2.40103072845939         251.7855         -4.2540         303.30
11:34:14         2.30103085714815         200.0004         -3.4630         303.30
11:34:18         2.20103095347593         158.8660         -2.7090         303.30
11:34:22         2.10103114542462         126.1918         -2.0130         303.30
11:34:26         2.00103109914944         100.2377         -1.4410         303.30
11:34:30         1.90103088572348         79.6216         -1.0330         303.30
11:34:34         1.80103100942761         63.2457         -0.6932         303.30
11:34:38         1.70103147521753         50.2379         -0.4443         303.30
11:34:42         1.6010305816229         39.9053         -0.2888         303.30
11:34:46         1.50103050154635         31.6979         -0.1767         303.30
11:34:50         1.40103158383445         25.1786         -0.1036         303.30
11:34:54         1.30102999566398         20.0000         -0.0565         303.30
11:34:58         1.20103094826178         15.8866         -0.0223         303.30
11:35:02         1.10103181497473         12.6192         -0.0311         303.30
11:35:05         1.00103238831071         10.0238         -0.0281         303.30
11:35:09         0.901033091280384         7.9622         -0.0243         303.30
11:35:13         0.801033078803748         6.3246         -0.0185         303.30
11:35:17         0.701032332622174         5.0238         -0.0032         303.30
11:35:21         0.601027312238355         3.9905         -0.0078         303.30
11:35:25         0.501031866976549         3.1698         -0.0107         303.30
11:35:29         0.401038476122047         2.5179         -0.0468         303.30
11:35:33         0.301029995663981         2.0000         -0.0493         303.30
11:35:37         0.201041910871892         1.5887         -0.1117         303.30
11:35:41         0.101024922497756         1.2619         -0.0761         303.30
11:35:45         0.00104107558772532         1.0024         -0.0146         303.30
#------------------------------------------------------------------
# Дата окончания эксперимента
#----------------------
# 12.05.2022
# 11:35:50
#----------------------
# Количество точек в скане 575
