12:06:15         3.39794000867204         2500.0000         -4.4030         283.40
12:06:19         3.29794002877041         1985.8207         -4.6790         283.40
12:06:23         3.19794009555258         1577.3937         -5.1270         283.40
12:06:27         3.09794019718123         1252.9686         -5.4590         283.40
12:06:31         2.99794030947142         995.2686         -5.8370         283.40
12:06:35         2.89794040109701         790.5701         -6.3290         283.40
12:06:39         2.79794048044319         627.9723         -6.4700         283.40
12:06:43         2.69794064943186         498.8163         -6.7230         283.40
12:06:47         2.59794067657697         396.2239         -7.1110         283.40
12:06:51         2.4979407677867         314.7319         -7.0570         283.40
12:06:55         2.3979408834098         250.0005         -6.9740         283.40
12:06:59         2.29794098316926         198.5825         -6.9580         283.40
12:07:02         2.19794101139409         157.7397         -6.6850         283.40
12:07:06         2.09794100637999         125.2971         -6.2450         283.40
12:07:10         1.99794134816669         99.5271         -5.8190         283.40
12:07:14         1.8979408705064         79.0571         -4.9880         283.40
12:07:18         1.79794096059111         62.7973         -4.2020         283.40
12:07:22         1.69794123397439         49.8817         -3.6060         283.40
12:07:26         1.5979407602015         39.6224         -2.8290         283.40
12:07:30         1.49794089938297         31.4732         -2.1180         283.40
12:07:34         1.39794173163867         25.0001         -1.7250         283.40
12:07:38         1.29793988193963         19.8582         -1.3530         283.40
12:07:42         1.19794184111121         15.7740         -1.0690         283.40
12:07:46         1.09794068243622         12.5297         -0.4938         283.40
12:07:50         0.997940898731541         9.9527         -0.3693         283.40
12:07:54         0.897940341373011         7.9057         -0.5704         283.40
12:07:58         0.797938883024152         6.2797         -0.5415         283.40
12:08:02         0.697943874369764         4.9882         -0.2571         283.40
12:08:06         0.597936385571892         3.9622         0.0853         283.40
12:08:10         0.497938142432874         3.1473         -0.0035         283.40
12:08:15         0.397940008672038         2.5000         0.0972         283.40
12:08:19         0.29793551244985         1.9858         -0.3050         283.40
12:08:23         0.197941827982788         1.5774         -0.0540         283.40
12:08:26         0.0979510782661857         1.2530         -0.0401         283.40
#------------------------------------------------------------------
# Дата окончания эксперимента
#----------------------
# 05.05.2022
# 12:08:31
#----------------------
# Количество точек в скане 347
