13:05:20         3.39794000867204         2500.0000         -2.1520         283.40
13:05:24         3.29794002877041         1985.8207         -2.3050         283.40
13:05:28         3.19794009555258         1577.3937         -2.7030         283.40
13:05:32         3.09794019718123         1252.9686         -3.1020         283.40
13:05:36         2.99794030947142         995.2686         -3.5870         283.40
13:05:40         2.89794040109701         790.5701         -4.0930         283.40
13:05:44         2.79794048044319         627.9723         -4.6720         283.40
13:05:48         2.69794064943186         498.8163         -5.2930         283.40
13:05:52         2.59794067657697         396.2239         -5.8670         283.40
13:05:55         2.4979407677867         314.7319         -6.3780         283.40
13:05:59         2.3979408834098         250.0005         -6.8020         283.40
13:06:03         2.29794098316926         198.5825         -7.1500         283.40
13:06:07         2.19794101139409         157.7397         -7.2960         283.40
13:06:11         2.09794100637999         125.2971         -7.2440         283.40
13:06:15         1.99794134816669         99.5271         -6.9590         283.40
13:06:19         1.8979408705064         79.0571         -6.5010         283.40
13:06:23         1.79794096059111         62.7973         -5.8220         283.40
13:06:27         1.69794123397439         49.8817         -5.0230         283.40
13:06:31         1.5979407602015         39.6224         -4.1430         283.40
13:06:35         1.49794089938297         31.4732         -3.2830         283.40
13:06:39         1.39794173163867         25.0001         -2.5280         283.40
13:06:43         1.29793988193963         19.8582         -1.8310         283.40
13:06:47         1.19794184111121         15.7740         -1.3080         283.40
13:06:51         1.09794068243622         12.5297         -0.9184         283.40
13:06:55         0.997940898731541         9.9527         -0.6912         283.40
13:06:59         0.897940341373011         7.9057         -0.5118         283.40
13:07:03         0.797938883024152         6.2797         -0.3973         283.40
13:07:07         0.697943874369764         4.9882         -0.3395         283.40
13:07:11         0.597936385571892         3.9622         -0.2295         283.40
13:07:14         0.497938142432874         3.1473         -0.2036         283.40
13:07:18         0.397940008672038         2.5000         -0.1929         283.40
13:07:22         0.29793551244985         1.9858         -0.1787         283.40
13:07:26         0.197941827982788         1.5774         -0.1234         283.40
13:07:30         0.0979510782661857         1.2530         -0.0684         283.40
#------------------------------------------------------------------
# Дата окончания эксперимента
#----------------------
# 05.05.2022
# 13:07:35
#----------------------
# Количество точек в скане 802
