15:41:55         3.39794000867204         2500.0000         -4.2160         303.30
15:41:59         3.29794002877041         1985.8207         -4.3880         303.30
15:42:03         3.19794009555258         1577.3937         -4.7330         303.30
15:42:07         3.09794019718123         1252.9686         -4.9650         303.30
15:42:11         2.99794030947142         995.2686         -5.1040         303.30
15:42:15         2.89794040109701         790.5701         -5.2050         303.30
15:42:19         2.79794048044319         627.9723         -5.0690         303.30
15:42:23         2.69794064943186         498.8163         -4.7910         303.40
15:42:27         2.59794067657697         396.2239         -4.3720         303.30
15:42:31         2.4979407677867         314.7319         -3.8610         303.30
15:42:35         2.3979408834098         250.0005         -3.2690         303.30
15:42:39         2.29794098316926         198.5825         -2.6800         303.30
15:42:43         2.19794101139409         157.7397         -2.0720         303.30
15:42:47         2.09794100637999         125.2971         -1.5730         303.30
15:42:51         1.99794134816669         99.5271         -1.1550         303.30
15:42:55         1.8979408705064         79.0571         -0.7669         303.30
15:42:59         1.79794096059111         62.7973         -0.5838         303.30
15:43:03         1.69794123397439         49.8817         -0.3859         303.30
15:43:07         1.5979407602015         39.6224         -0.2795         303.30
15:43:11         1.49794089938297         31.4732         -0.2213         303.30
15:43:15         1.39794173163867         25.0001         -0.1387         303.30
15:43:19         1.29793988193963         19.8582         -0.1898         303.30
15:43:22         1.19794184111121         15.7740         -0.1472         303.40
15:43:26         1.09794068243622         12.5297         -0.1486         303.30
15:43:30         0.997940898731541         9.9527         -0.1100         303.30
15:43:34         0.897940341373011         7.9057         -0.1582         303.30
15:43:38         0.797938883024152         6.2797         -0.1627         303.30
15:43:42         0.697943874369764         4.9882         -0.1379         303.30
15:43:46         0.597936385571892         3.9622         -0.1288         303.40
15:43:50         0.497938142432874         3.1473         -0.1259         303.30
15:43:54         0.397940008672038         2.5000         -0.0786         303.30
15:43:58         0.29793551244985         1.9858         -0.0737         303.30
15:44:02         0.197941827982788         1.5774         -0.0818         303.30
15:44:06         0.0979510782661857         1.2530         -0.1204         303.30
#------------------------------------------------------------------
# Дата окончания эксперимента
#----------------------
# 06.05.2022
# 15:44:11
#----------------------
# Количество точек в скане 1064
