15:26:27         3.39794000867204         2500.0000         -4.3170         303.30
15:26:31         3.29794002877041         1985.8207         -4.4980         303.30
15:26:35         3.19794009555258         1577.3937         -4.9170         303.30
15:26:39         3.09794019718123         1252.9686         -5.3570         303.30
15:26:43         2.99794030947142         995.2686         -5.7040         303.30
15:26:47         2.89794040109701         790.5701         -5.9650         303.30
15:26:51         2.79794048044319         627.9723         -6.0450         303.30
15:26:55         2.69794064943186         498.8163         -5.8930         303.30
15:26:59         2.59794067657697         396.2239         -5.5440         303.30
15:27:03         2.4979407677867         314.7319         -5.0140         303.30
15:27:07         2.3979408834098         250.0005         -4.3440         303.30
15:27:11         2.29794098316926         198.5825         -3.5970         303.30
15:27:15         2.19794101139409         157.7397         -2.8500         303.30
15:27:19         2.09794100637999         125.2971         -2.1370         303.30
15:27:23         1.99794134816669         99.5271         -1.5680         303.30
15:27:27         1.8979408705064         79.0571         -1.1060         303.30
15:27:31         1.79794096059111         62.7973         -0.7524         303.30
15:27:35         1.69794123397439         49.8817         -0.5003         303.30
15:27:39         1.5979407602015         39.6224         -0.3268         303.30
15:27:43         1.49794089938297         31.4732         -0.1941         303.30
15:27:46         1.39794173163867         25.0001         -0.1236         303.30
15:27:50         1.29793988193963         19.8582         -0.0751         303.30
15:27:54         1.19794184111121         15.7740         -0.0519         303.30
15:27:58         1.09794068243622         12.5297         -0.0505         303.30
15:28:02         0.997940898731541         9.9527         -0.0430         303.30
15:28:06         0.897940341373011         7.9057         -0.0427         303.30
15:28:10         0.797938883024152         6.2797         0.0134         303.30
15:28:14         0.697943874369764         4.9882         -0.0398         303.30
15:28:18         0.597936385571892         3.9622         -0.0566         303.30
15:28:22         0.497938142432874         3.1473         -0.0742         303.30
15:28:26         0.397940008672038         2.5000         -0.0491         303.30
15:28:30         0.29793551244985         1.9858         -0.0320         303.30
15:28:34         0.197941827982788         1.5774         -0.0125         303.30
15:28:38         0.0979510782661857         1.2530         -0.0061         303.30
#------------------------------------------------------------------
# Дата окончания эксперимента
#----------------------
# 06.05.2022
# 15:28:43
#----------------------
# Количество точек в скане 924
