13:47:34         3.39794000867204         2500.0000         -4.1030         303.40
13:47:38         3.29794002877041         1985.8207         -4.2810         303.40
13:47:42         3.19794009555258         1577.3937         -4.6200         303.40
13:47:46         3.09794019718123         1252.9686         -4.9930         303.40
13:47:50         2.99794030947142         995.2686         -5.2770         303.40
13:47:54         2.89794040109701         790.5701         -5.4370         303.40
13:47:58         2.79794048044319         627.9723         -5.4520         303.40
13:48:02         2.69794064943186         498.8163         -5.2640         303.40
13:48:06         2.59794067657697         396.2239         -4.9120         303.40
13:48:10         2.4979407677867         314.7319         -4.4030         303.40
13:48:14         2.3979408834098         250.0005         -3.7600         303.40
13:48:18         2.29794098316926         198.5825         -3.0790         303.40
13:48:22         2.19794101139409         157.7397         -2.4150         303.40
13:48:26         2.09794100637999         125.2971         -1.8120         303.40
13:48:30         1.99794134816669         99.5271         -1.3370         303.40
13:48:34         1.8979408705064         79.0571         -0.9544         303.40
13:48:38         1.79794096059111         62.7973         -0.6291         303.40
13:48:42         1.69794123397439         49.8817         -0.4141         303.40
13:48:45         1.5979407602015         39.6224         -0.2759         303.40
13:48:49         1.49794089938297         31.4732         -0.1831         303.40
13:48:53         1.39794173163867         25.0001         -0.1088         303.40
13:48:57         1.29793988193963         19.8582         -0.0607         303.40
13:49:01         1.19794184111121         15.7740         -0.0351         303.40
13:49:05         1.09794068243622         12.5297         -0.0441         303.40
13:49:09         0.997940898731541         9.9527         -0.0424         303.40
13:49:13         0.897940341373011         7.9057         -0.0479         303.40
13:49:17         0.797938883024152         6.2797         -0.0139         303.40
13:49:21         0.697943874369764         4.9882         -0.0223         303.40
13:49:25         0.597936385571892         3.9622         -0.0427         303.40
13:49:29         0.497938142432874         3.1473         -0.0381         303.40
13:49:33         0.397940008672038         2.5000         -0.0192         303.40
13:49:37         0.29793551244985         1.9858         -0.0314         303.40
13:49:41         0.197941827982788         1.5774         -0.0479         303.40
13:49:45         0.0979510782661857         1.2530         -0.0717         303.40
#------------------------------------------------------------------
# Дата окончания эксперимента
#----------------------
# 11.05.2022
# 13:49:50
#----------------------
# Количество точек в скане 793
