14:36:50         3.39794000867204         2500.0000         -1.4160         283.40
14:36:54         3.29794002877041         1985.8207         -1.5210         283.40
14:36:58         3.19794009555258         1577.3937         -1.7490         283.40
14:37:01         3.09794019718123         1252.9686         -2.0390         283.40
14:37:05         2.99794030947142         995.2686         -2.3730         283.40
14:37:09         2.89794040109701         790.5701         -2.7420         283.40
14:37:13         2.79794048044319         627.9723         -3.1100         283.40
14:37:17         2.69794064943186         498.8163         -3.5010         283.40
14:37:21         2.59794067657697         396.2239         -3.8690         283.40
14:37:25         2.4979407677867         314.7319         -4.1980         283.40
14:37:29         2.3979408834098         250.0005         -4.4770         283.40
14:37:33         2.29794098316926         198.5825         -4.6800         283.40
14:37:37         2.19794101139409         157.7397         -4.8000         283.40
14:37:41         2.09794100637999         125.2971         -4.7360         283.40
14:37:45         1.99794134816669         99.5271         -4.5610         283.40
14:37:49         1.8979408705064         79.0571         -4.2260         283.40
14:37:53         1.79794096059111         62.7973         -3.7750         283.40
14:37:57         1.69794123397439         49.8817         -3.2470         283.40
14:38:01         1.5979407602015         39.6224         -2.6760         283.40
14:38:05         1.49794089938297         31.4732         -2.1060         283.40
14:38:09         1.39794173163867         25.0001         -1.6220         283.40
14:38:13         1.29793988193963         19.8582         -1.1740         283.40
14:38:17         1.19794184111121         15.7740         -0.8354         283.40
14:38:21         1.09794068243622         12.5297         -0.5800         283.40
14:38:25         0.997940898731541         9.9527         -0.3847         283.40
14:38:28         0.897940341373011         7.9057         -0.2397         283.40
14:38:32         0.797938883024152         6.2797         -0.1173         283.40
14:38:36         0.697943874369764         4.9882         -0.0877         283.40
14:38:40         0.597936385571892         3.9622         -0.0827         283.40
14:38:44         0.497938142432874         3.1473         -0.0476         283.40
14:38:48         0.397940008672038         2.5000         -0.0340         283.40
14:38:52         0.29793551244985         1.9858         -0.0182         283.40
14:38:56         0.197941827982788         1.5774         -0.0311         283.40
14:39:00         0.0979510782661857         1.2530         -0.0464         283.40
#------------------------------------------------------------------
# Дата окончания эксперимента
#----------------------
# 05.05.2022
# 14:39:05
#----------------------
# Количество точек в скане 1496
