14:51:47         3.39794000867204         2500.0000         -2.4270         262.60
14:51:51         3.29794002877041         1985.8207         -2.1830         262.60
14:51:55         3.19794009555258         1577.3937         -1.7780         262.60
14:51:59         3.09794019718123         1252.9686         -2.0770         262.60
14:52:03         2.99794030947142         995.2686         -2.2440         262.60
14:52:07         2.89794040109701         790.5701         -1.8010         262.60
14:52:11         2.79794048044319         627.9723         -1.6400         262.60
14:52:15         2.69794064943186         498.8163         -0.8818         262.60
14:52:19         2.59794067657697         396.2239         -0.6885         262.60
14:52:22         2.4979407677867         314.7319         -1.4510         262.60
14:52:26         2.3979408834098         250.0005         -1.8210         262.60
14:52:30         2.29794098316926         198.5825         -1.9480         262.60
14:52:34         2.19794101139409         157.7397         -1.5500         262.60
14:52:38         2.09794100637999         125.2971         -1.3740         262.60
14:52:42         1.99794134816669         99.5271         -0.6203         262.60
14:52:46         1.8979408705064         79.0571         -2.5150         262.60
14:52:50         1.79794096059111         62.7973         -1.8190         262.60
14:52:54         1.69794123397439         49.8817         -1.2090         262.60
14:52:58         1.5979407602015         39.6224         -0.9277         262.60
14:53:02         1.49794089938297         31.4732         -1.1400         262.60
14:53:06         1.39794173163867         25.0001         -1.2930         262.60
14:53:10         1.29793988193963         19.8582         -1.0400         262.60
14:53:14         1.19794184111121         15.7740         -0.8301         262.60
14:53:18         1.09794068243622         12.5297         -1.1870         262.60
14:53:22         0.997940898731541         9.9527         -0.8864         262.60
14:53:26         0.897940341373011         7.9057         -0.8751         262.60
14:53:30         0.797938883024152         6.2797         -0.5153         262.60
14:53:34         0.697943874369764         4.9882         -0.3726         262.60
14:53:38         0.597936385571892         3.9622         -0.3807         262.60
14:53:41         0.497938142432874         3.1473         -0.3935         262.60
14:53:45         0.397940008672038         2.5000         -0.5470         262.60
14:53:49         0.29793551244985         1.9858         -1.3840         262.60
14:53:53         0.197941827982788         1.5774         -1.7670         262.60
14:53:57         0.0979510782661857         1.2530         -0.6895         262.60
#------------------------------------------------------------------
# Дата окончания эксперимента
#----------------------
# 29.04.2022
# 14:54:02
#----------------------
# Количество точек в скане 1136
